0	1001.04404837378	18.9974246329817	0.180515879817583	0.324048805046638	0.0200451851771423	9.04655449047429e-007	4.01210036608387e-012	1001.06961233726	18.9999997556361	0.178002429599428	0.324004152255891	0.0200000431526503	5.22905028783831e-007	8.84450061477948e-010	0.239999999986729	9.99999990406744e-008	0.600000000013271	9.99999999999995e-013	9.99999990406744e-008	0.6	-0.0103612265870639	2.40748480766198	-0.00436213028596573
32.356548	1081.71987069676	3.64582411939298	38.8230039585621	137.264285854967	13.4454400274882	0.000859180498198235	2.84975798598077e-010	2919.55742509075	1.80842810243849	36.8824003712192	209.254322646041	8.01131322924653	0.000739523483663383	4.43732896510565e-006	0.227216597751002	9.99104771715332e-008	0.612783402336867	9.5246106773249e-013	9.99105571199726e-008	0.600000000089487	-0.0459140786416831	2.31943743184442	-0.0110668805612169
64.713096	1280.66530230457	2.96779079795237	60.6900221415366	230.244689993645	25.4550033968464	0.00191678970954328	6.87271358682029e-010	4193.26678932426	0.690420665755773	97.4686786825462	653.119362941151	37.6298917608207	0.00400883968838526	7.73924750871089e-006	0.213371494738867	9.98210344911518e-008	0.626628505438339	8.86398275855111e-013	9.98215941685998e-008	0.600000000178516	-0.0471469303507129	2.30985746897439	-0.00787830353675359
97.069644	1519.33407164935	2.11939921891975	72.1146232969455	313.082417315367	38.7920113211691	0.00316412953597879	1.16879117728588e-009	5212.24740126984	0.504576185150617	171.625752160991	1139.7563067615	85.9832551515921	0.00920243140779107	9.78022881792432e-006	0.199774859128327	9.97316718963213e-008	0.640225147653443	8.14874852364381e-013	9.97333334460989e-008	0.600000000168529	-0.0424540083982952	2.30799207104315	-0.00621418442267333
129.426192	1774.81458906595	1.29435294764304	79.5851944955838	401.677237316379	55.9356862707975	0.00495976423998491	1.89878052849014e-009	6088.8666845983	0.39273403602639	240.247845435923	1568.17548419297	144.680909160327	0.01531372889834	1.08128894521022e-005	0.186397513548166	9.96423893289548e-008	0.653602482114059	7.30361111006592e-013	9.96458396510549e-008	0.600000000161473	-0.0373482572300937	2.30558840410349	-0.00524059660973005
161.78274	2040.52432277382	0.692398977406322	82.5577079245191	496.838440235685	80.7625314156194	0.00820319929840179	3.34547454456662e-009	6858.30257719364	0.267005627336222	280.932980773575	1936.14493071514	214.362491347207	0.0233197609241074	1.11931551948961e-005	0.173409277530585	9.95531867490414e-008	0.666590748931028	6.87183760719653e-013	9.95590776872044e-008	0.600000000260546	-0.0332633173857313	2.30055383918252	-0.00463497270105939
194.139288	2313.79886811493	0.332062534124124	79.504064299016	593.069971678729	118.153883777803	0.0145630195590075	6.51834436713782e-009	7538.79233191957	0.154463785358529	286.265899462289	2254.45462931804	303.167763428821	0.0360420540426571	1.12088966578435e-005	0.161013259187016	9.94640641693332e-008	0.678986768344509	-8.10490009943126e-011	9.94729683613624e-008	0.600000000422742	-0.0300985665321236	2.29302346094107	-0.00423589426896435
226.495836	2592.98438290896	0.149789326043186	71.3283585468395	682.227610265573	173.254305433717	0.0270766282218066	1.3613733641958e-008	8144.45641271389	0.079322487997101	262.814825504978	2517.47242746579	422.988718529817	0.0586693974565018	1.10508515080665e-005	0.149343017399346	9.93750217412022e-008	0.690657010221256	-7.5146104454172e-011	9.93874267406331e-008	0.600000000502372	-0.0276263073773147	2.28377416903615	-0.00396311677442296
258.852384	2876.8115348675	0.0672533540178629	60.5963729653156	756.369823297179	249.919205053346	0.0506708314104134	2.89767042526657e-008	8687.25639548928	0.0386523609723752	223.892361536561	2710.48139944463	585.568489326189	0.0997112225397879	1.08353806471006e-005	0.13844754635411	9.92860599518691e-008	0.70155248135547	-6.96106613735715e-011	9.93023816196919e-008	0.600000000581921	-0.025662988969871	2.27376596170633	-0.00377092803933696
291.208932	3164.1282001242	0.0312555258881973	49.6371486392227	810.414746019617	349.706499951462	0.0924436601364782	6.03170924107686e-008	9178.04431162235	0.0188966899346439	181.499206735183	2822.32772006886	798.781423972973	0.17169008589918	1.06314631445326e-005	0.128317817101586	9.91971800179447e-008	0.711682209169888	-7.99904253910366e-011	9.92177830998525e-008	0.60000000065884	-0.0240587651912913	2.26376675527756	-0.00362882748213276
323.56548	3453.85762705316	0.0152636545176628	39.6985151207554	842.54271741968	472.223518953766	0.161978229854986	1.20341327714545e-007	9626.87427173927	0.00954461470456051	142.49496936592	2851.33792549017	1064.82703782603	0.291469972080561	1.04834153906329e-005	0.118917423575266	9.91083845882097e-008	0.721082613704945	-1.46967633299224e-010	9.91336052833166e-008	0.600000000730591	-0.0227006356512717	2.25418443053728	-0.00351581253023091
355.922028	3745.08117165273	0.00782278792082258	31.1677301139441	852.944549953823	616.153612621485	0.272236384470064	2.29508631313541e-007	10042.6284809274	0.00501757506501257	109.355183388825	2803.79750734113	1380.89262733473	0.480875774141937	1.04291371096482e-005	0.110200732611187	9.90196789455611e-008	0.729799302038027	-2.17538829730016e-010	9.90498487948977e-008	0.600000000828248	-0.021513827339267	2.24512481966085	-0.00341863564558887
388.278576	4037.10945975126	0.00417238367360505	24.0217525112482	842.600170457062	780.0121214966	0.441461112918643	4.21202326106718e-007	10432.6116154545	0.00273402157962488	82.2627890915854	2689.94522257996	1741.10139616229	0.768499544678046	1.05154730607972e-005	0.10212079353121	9.89310730928064e-008	0.737879241206628	-2.01600832224645e-010	9.89665465797313e-008	0.600000000895584	-0.0204530013247285	2.23652177404541	-0.00332996255099264
420.635124	4329.48613334015	0.0022921591275032	18.1092741498845	812.677894210603	962.4230277692	0.696612469027967	7.51668133438166e-007	10802.4959060947	0.00153130367500551	60.564107889348	2520.8547188577	2138.39751825301	1.19352956513773	1.08142801540646e-005	0.0946322616043456	9.8842585514379e-008	0.745367773222224	-1.86771565675101e-010	9.88837766218983e-008	0.600000000963556	-0.0194909353744455	2.22823242520911	-0.00324624473352958
452.991672	4621.9430836906	0.00128359662537181	13.2668932588916	764.353297669613	1162.12984302557	1.07963126126391	1.31996738580313e-006	11156.5586129098	0.000873369165837235	43.4328720763099	2306.80791614389	2565.79302375374	1.81289929930369	1.14459221361786e-005	0.0876923710144018	9.87542502856203e-008	0.752307663900379	-1.72981045717908e-010	9.88016872734792e-008	0.60000000103195	-0.0186101455808002	2.22008007045661	-0.00316599013731926
485.34822	4914.34198082237	0.000725061307870388	9.35283356573716	698.790782776106	1377.92461444798	1.65974028368238	2.31110404192832e-006	11498.0227688955	0.000502296175412104	30.1003102878089	2056.69841925256	3016.98435327781	2.71473977294233	1.26235944747856e-005	0.0812611707143948	9.86661313092325e-008	0.758738864288364	-1.60337034903484e-010	9.87205466628894e-008	0.600000001100438	-0.0177979688956236	2.21185963877056	-0.00308866064684321
517.704768	5206.62249780805	0.000408315354627261	6.25075811800289	617.172299613137	1608.55468540813	2.56003123857035	4.09894686969197e-006	11829.3773004079	0.000288133213230184	19.9116122427192	1777.98141572268	3486.5248603147	4.04555445203609	1.47507109355992e-005	0.0753014938114819	9.85783530862427e-008	0.764698541278963	-1.48413704434569e-010	9.86408427608841e-008	0.600000001168372	-0.0170438571496711	2.20331626160988	-0.00301406375311237
550.061316	5498.76197249084	0.000225771474487287	3.86559028493133	520.759726129753	1852.57384964458	4.02218893881549	7.52614384324338e-006	12152.6408715078	0.000162547785089882	12.3254750275991	1476.90067091028	3969.69509645944	6.07121154932364	1.86646302280494e-005	0.0697788299065988	9.84911745210546e-008	0.770221205270948	-1.37387881597059e-010	9.8563503109319e-008	0.600000001234795	-0.0163376460531805	2.19409099621749	-0.00294202048733857
582.417864	5790.7407279003	0.000119693121373487	2.11850176032577	411.061620582144	2107.97288050176	6.59131519868945	1.48158066951645e-005	12469.600034284	8.825879377775e-005	6.89879279664079	1158.95198858723	4462.04052818074	9.33473678933787	2.63538371940533e-005	0.0646611653129073	9.84051939643727e-008	0.775338869950935	-1.26941382523752e-010	9.84904412047992e-008	0.600000001297861	-0.0156677448039219	2.18359625012371	-0.00287207187885308
614.774412	6082.49092146871	5.81633472787663e-005	0.942624417130555	290.429379276282	2370.89109793987	11.7785348908396	3.34412016012573e-005	12782.1605757927	4.43195715594281e-005	3.26951790408541	829.994354732002	4957.99826399536	15.155346314413	4.36263337781305e-005	0.0599188167281099	9.83220585074946e-008	0.780081218618787	-1.17588590119624e-010	9.84261947575491e-008	0.600000001352782	-0.0150176962786503	2.1706921427621	-0.00280267796595052
647.13096	6373.71644267079	2.33778080008848e-005	0.27795338917202	165.012871731555	2629.25801449417	25.3599498428551	0.000100881286876741	13093.5433799126	1.8824537343605e-005	1.13936928372762	500.798288152037	5444.95147964965	27.750946206119	9.44609695646493e-005	0.0555242686969469	9.82479539274503e-008	0.78447576672412	-1.088601233217e-010	9.8384562988784e-008	0.600000001385739	-0.0143570166314515	2.15275178145718	-0.0027266547944902
679.487508	6662.86480389376	6.58019462438356e-006	0.0424159907337443	61.9910092625796	2825.53967060084	76.8971612004499	0.000520949827604208	13415.0363178481	5.70826748148488e-006	0.227329287352653	214.54880692537	5867.29340191623	66.1822941171082	0.000343772492090794	0.0514520190416327	9.82219798362521e-008	0.788548016405887	-1.00823405487061e-010	9.84321259178285e-008	0.600000001330254	-0.0136267942353875	2.12549667002089	-0.0026025828566355
711.844056	6947.61794328251	2.00682545069305e-006	0.0123219317792914	22.956854657903	2870.14492044773	213.675998255983	0.00240006767175265	13762.9521676282	1.64420743157132e-006	0.0352604422440643	72.5803939986439	6077.74740660671	183.764791891034	0.00163211295525132	0.0476784335864342	9.8485415548703e-008	0.792321601598126	-9.33431313146868e-011	9.89947265509471e-008	0.600000000760052	-0.0128922333208623	2.10008847139159	-0.00242935455802369
744.200604	7232.71864530089	9.2699937537152e-007	0.00823137049139709	12.4092988149037	2846.5730279631	390.426692295285	0.00592857967730959	14107.2077511224	7.1838656089398e-007	0.0124972728608748	32.7373470464971	6091.13148664526	392.50610855508	0.00488801461516143	0.0441816093933267	9.95687375637334e-008	0.795818424708354	-8.64651497376067e-011	1.01472188664295e-007	0.599999998275837	-0.0122899921640713	2.08515376829526	-0.00233136839853954
776.557152	7520.08495385347	5.27515599680977e-007	0.00660972626721677	8.18712152887511	2807.54238518387	577.460143762017	0.010707111563981	14435.8165217225	3.99553700959126e-007	0.00853075059022123	19.7527388670347	6009.01082080175	661.11334908093	0.0101792112340578	0.0409412486220848	1.02081359047567e-007	0.799058782967267	-8.01236593731749e-011	1.0822522248309e-007	0.599999991516464	-0.0117668779087788	2.0754655510491	-0.00226829969985864
808.9137	7808.94125585064	3.3248795730223e-007	0.00560922695666205	5.94856369074382	2761.32088532908	770.497391337267	0.0166080262767439	14754.4123442206	2.48118082421096e-007	0.00693318392255854	13.7302283565668	5878.63268723436	964.903571028311	0.0172723258611125	0.0379385418471287	1.06818506756336e-007	0.802061485005397	-7.42471996486673e-011	1.22816508807446e-007	0.599999976919335	-0.0113115129600972	2.06830284869009	-0.0022155867760763
841.270248	8098.77923207922	2.22179127046944e-007	0.00488287032610875	4.55825062724881	2709.00183178703	969.321628356162	0.0236279412256232	15066.8304433318	1.63282922390103e-007	0.00592528762921727	10.2290090462733	5721.02149997759	1289.30183492741	0.0258556836495389	0.0351560591109085	1.15045633279064e-007	0.804843959514831	-6.88011340103256e-011	1.51614301785602e-007	0.599999948116099	-0.010912458266023	2.06255665413599	-0.00216777480897206
873.626796	8389.37774687929	1.54153118236119e-007	0.00431367970084736	3.60803866049004	2650.79376025161	1173.99931294515	0.031805190910751	15374.952333494	1.11174274953043e-007	0.00517878439021022	7.92608429406201	5546.90144842825	1626.05256081079	0.0354368442028617	0.0325776487867603	1.29026830384785e-007	0.807422355858338	-6.37541665079973e-011	2.07810124860155e-007	0.599999891915218	-0.0105566596887463	2.05770734143815	-0.00212325815559845
905.983344	8680.63053078349	1.09792342203566e-007	0.0038480053866444	2.91674725108061	2586.88742593009	1384.44919159324	0.0411966278992766	15679.8395020497	7.72882141977733e-008	0.00458560577645073	6.2956701328153	5362.20081554265	1970.45806034311	0.0450096811211947	0.030188343832563	1.53233813335574e-007	0.80981163660489	-5.90780286079648e-011	3.20822366954024e-007	0.5999997788983	-0.0102340732632198	2.05347500661978	-0.00208132171424184
938.339892	8972.47545841256	7.9719367416154e-008	0.0034564167989195	2.3915900204199	2517.54044445433	1600.46357437254	0.0518716816580831	15982.2013126312	5.43941926795706e-008	0.00409559641905281	5.08417938893965	5170.3817958378	2319.7904257225	0.0524481165275635	0.0279742749141856	1.9750261205656e-007	0.812025661254803	-5.47450700273634e-011	5.55553497401092e-007	0.599999544162836	-0.00993776829852153	2.04969155678791	-0.00204154921012108
970.69644	9264.8686629912	5.87437681812632e-008	0.00312080779404599	1.9799643961612	2443.05412789239	1821.76492691217	0.0639114758116613	16282.5647781772	3.85045977669037e-008	0.00368071537836521	4.15281966607265	4973.56824651049	2672.41868077105	0.0544381813384124	0.0259225898987875	2.8630100754803e-007	0.814077257472143	-5.07309347264023e-011	1.03212411949652e-006	0.599999067588187	-0.00966298437111668	2.04624740865017	-0.00200365865503124
1003.052988	9557.77279392996	4.37919810860168e-008	0.00282912845875324	1.64971367825312	2363.74720425084	2048.04412990845	0.0774090007140797	16581.3445179891	2.72589493562521e-008	0.00332339389700161	3.41866522799369	4773.12821997846	3027.32979179654	0.0497041929467639	0.0240213792519766	4.90153058534696e-007	0.815978264266827	-4.7009248973039e-011	1.8945400212134e-006	0.599998205168568	-0.00940632829470177	2.04306649026149	-0.00196744040325819
1035.409536	9851.1450163462	3.29501667364268e-008	0.00257289409083117	1.38001349065859	2279.94104753343	2278.97699675906	0.0924653883385257	16878.8672741169	1.91853698564121e-008	0.0030117544759599	2.82888638604462	4569.98855791331	3383.8586284789	0.0416020113908647	0.022259606906201	1.05101114100667e-006	0.817739475754521	-4.35605149900097e-011	3.27610475095124e-006	0.59999682360039	-0.00916521086003605	2.04009339670451	-0.00193273012439796
1067.766084	10144.8973993313	2.49798927332917e-008	0.00234588348509309	1.15677422813931	2191.96343255161	2514.2038787444	0.109157399131028	17175.3259885393	1.33297534450462e-008	0.00273735121749847	2.3481824417713	4364.81839013019	3741.50814785272	0.0323224580957443	0.0206270461992413	2.9850373378761e-006	0.819370102435278	-4.03643077174503e-011	5.42047969674501e-006	0.599994679222252	-0.00893725695252683	2.03728675611478	-0.00189940332908073
1100.122632	10438.6802621224	1.90563055538052e-008	0.0021434499455391	0.970242776686198	2100.2213741645	2753.14644345221	0.127305059468502	17470.4698979017	9.05712706451077e-009	0.00249411233597697	1.95231226563175	4158.18000072941	4099.67229002271	0.0225438506793879	0.0191142205110221	1.15928655840022e-005	0.820874320295244	-3.74012520378234e-011	8.68167244908327e-006	0.599991418026538	-0.00871836765201272	2.03461873707588	-0.00186740803472554
1132.47918	10730.5596833526	1.46229701770032e-008	0.00196239955794801	0.814174829898099	2005.67690129775	2993.84694715542	0.145035005619979	17761.5936498163	5.94862928321081e-009	0.00227856331380789	1.62557529842737	3950.90922562549	4456.36491233742	0.0135875378461813	0.0177123482541965	5.82653536845592e-005	0.822229520063971	-3.46519691498279e-011	1.31126395214625e-005	0.599986987056723	-0.00849230073761706	2.03209517838427	-0.00183698767919064
1164.835728	11013.1644269469	1.13079720579663e-008	0.00180139986758159	0.686012535294273	1911.26632164021	3229.57360851051	0.157827523932664	18036.5181308077	3.74786114635377e-009	0.00209169608020989	1.36080347676684	3745.28815964329	4803.6877330903	0.00624027032861819	0.0164132918992016	0.000266973668539013	0.823319868104108	-3.21066444847393e-011	1.74811925430942e-005	0.599982618501157	-0.00822162308303099	2.02979423041157	-0.00180896965549268
1197.192276	11279.1534945976	8.82709411636316e-009	0.00165890343274109	0.582199150997173	1819.84859717094	3453.80667987295	0.168425549613612	18281.2730837652	2.21739544789128e-009	0.00193296299255597	1.14826209749533	3544.48793988534	5131.07671323247	0.00249036933844555	0.0152095107378884	0.00076746853382444	0.824023154400137	-2.97560426695128e-011	2.01783212735093e-005	0.59997992137008	-0.00794388480928318	2.02770956291827	-0.00178390512032236
1229.548824	11522.9280996536	6.9618046066e-009	0.0015329833586694	0.498469047225219	1732.90690910772	3662.35078090004	0.173040785402835	18499.7508009215	1.13182902253043e-009	0.00179589181419099	0.976074181252816	3351.20429446778	5437.01174357089	0.00125022347798402	0.0140940171116752	0.00163237135117077	0.824273745209165	-2.75669466890642e-011	2.16023643042205e-005	0.599978497324863	-0.00770282615615392	2.02581191071413	-0.0017620307079455
1261.905372	11730.9949391753	5.56643783701367e-009	0.00142315775899959	0.433344648889685	1654.25878586839	3844.54385936395	0.170172370688016	18692.8204224828	3.65846233361355e-010	0.0016769649178098	0.841808345940161	3170.47823822468	5717.01982189548	0.00095160691421221	0.0130603358491077	0.00304807753463919	0.823891720288049	-2.55550272363809e-011	2.25970995391227e-005	0.599977502587678	-0.00748545896659676	2.02418537507252	-0.00174305903844722
1294.26192	11905.9216806423	4.50435714337674e-009	0.00132645733235759	0.38159975870457	1583.19006995964	4002.44110026005	0.169849206167639	18855.5688631452	-1.84362383666161e-010	0.00157203149181963	0.735350457411305	3004.31680458914	5966.35271042439	0.000817120971791899	0.0121024666808365	0.00499384985789725	0.822903817133035	-2.36822255788995e-011	2.35043135314426e-005	0.599976595371767	-0.00732390387186005	2.02275033348548	-0.00172691329127175
1326.618468	12053.717949284	3.68079038465296e-009	0.00124031091629473	0.339360317913512	1518.14947733575	4140.70667355751	0.166746618631675	18990.2790702041	-5.86925663788169e-010	0.00147731681032177	0.646051855909924	2850.28653980111	6188.16190641656	0.000672311297958864	0.0112148494075926	0.00738567300989938	0.8213996112543	-2.19545450577234e-011	2.43329241077904e-005	0.599975766759556	-0.00724527293333448	2.02142955600921	-0.00171353738981688
1358.975016	12164.1196413756	3.04747911323046e-009	0.00116478186919631	0.306842315595681	1462.29505347753	4251.03411996136	0.152401729379479	19102.8780508319	-8.72359287554225e-010	0.00139214871110413	0.572847765459396	2708.52390383755	6384.99924345239	0.000498109496403629	0.0103923316255992	0.0103525724690687	0.819255229577137	-2.03495666450469e-011	2.50147607227733e-005	0.599975084921548	-0.00726199102217003	2.02028403009436	-0.0017023956383369
1391.331564	12227.5499300623	2.56264185484326e-009	0.00109948122253956	0.283657812511124	1418.10494873626	4326.09550512724	0.132302656680327	19196.9724323939	-1.06184766198254e-009	0.00131674786687622	0.516998453818307	2582.74492263849	6554.99505189474	0.000361720878082411	0.00963013881783979	0.0140161517574473	0.816353843096556	-1.88433590832535e-011	2.55162272327589e-005	0.599974583453293	-0.00736440263197597	2.01937441921146	-0.00169325831125676
1423.688112	12244.0375926414	2.18786440879209e-009	0.00104305561517782	0.268184682416345	1385.18415735279	4366.30289220405	0.10717201021543	19274.0365457225	-4.5996705203091e-010	0.00124989804439395	0.475880157836589	2475.3824453336	6696.49325062553	0.000296570266112383	0.00892384665657305	0.0183676005046198	0.812708686507851	-1.08027391618089e-011	2.59006022891967e-005	0.599974199261052	-0.00755268751997326	2.01869109942339	-0.00168566878003307
1456.04466	12212.7065971918	1.89657742174111e-009	0.000994538881526815	0.259677613468138	1363.68006239827	4371.0892511214	0.0795081010140329	19334.8583928731	-1.37939464453607e-009	0.00119043531853355	0.446967942414207	2387.17046175547	6808.96526181596	0.000264841976492363	0.00826935525411507	0.0234083768526924	0.808322401589427	-1.83568609432404e-011	2.62340905288484e-005	0.599973865587151	-0.00782989707554691	2.01823316151686	-0.00167972353957153
1488.401208	12143.6537411478	1.66235872307125e-009	0.000951772452179531	0.255920448266222	1350.20979280159	4348.82577740487	0.0583460431260854	19380.2476402664	-4.41349904698219e-009	0.00113746629808612	0.428598763845311	2318.552270264	6893.16410055103	0.000238014098417726	0.00766286547514781	0.0289895922783301	0.803347675913009	-4.52831317347009e-011	2.65344325475531e-005	0.599973565247968	-0.00813439420365129	2.01797126641287	-0.00167580661718727
1520.757756	12053.3770064726	1.46450744809844e-009	0.000912388483910801	0.254013803747857	1339.52440955357	4312.95364586513	0.0447785034236669	19412.3990047773	-2.34576129913409e-009	0.00108949485453489	0.417897199848524	2268.16983332009	6952.65037610128	0.000214672747026518	0.00710085673908542	0.0348761612649677	0.798023115749366	-2.19201624720101e-011	2.68029436944779e-005	0.599973296731791	-0.0084051118001609	2.01783738845903	-0.00167347582119776
1553.114304	11953.4745888596	1.29178218746177e-009	0.00087499713007459	0.252113918995086	1328.23680027529	4272.67407109164	0.0361104780566706	19434.7449105944	-1.41748168122954e-009	0.00104496165410194	0.411591705652159	2232.53275542427	6993.06104703213	0.000195317574918157	0.00658006679953472	0.0409010125964525	0.792519054242254	-1.39486085183437e-011	2.70431655115242e-005	0.599973056565269	-0.0086266890335539	2.01776487922036	-0.0016720828418261
1585.470852	11850.0924445452	1.13873318853609e-009	0.000838973369006192	0.24938607402754	1314.86311174155	4232.59134160709	0.0302938523688315	19450.7236554356	-1.9093526377861e-010	0.00100278803558596	0.407175195767563	2207.33222174163	7020.3970851138	0.000179376724914942	0.00609747235624545	0.0469731419801225	0.786929519255872	-3.92086387468897e-012	2.72588642606195e-005	0.59997284063984	-0.00880691361797139	2.01770757017562	-0.00167120375032181
1617.8274	11746.2766758765	1.0024275253435e-009	0.000804065084705879	0.245536534204332	1298.92191827963	4194.75365814849	0.0261829904953341	19463.0533826918	-7.36630409396633e-010	0.000962358919279625	0.403069882311057	2188.5799304643	7039.86446597481	0.000166151492267769	0.00565027271263089	0.0530458820591398	0.781303979054191	-1.05255795966685e-011	2.74545418268019e-005	0.599972645289798	-0.00895722745657693	2.0176383220885	-0.00167058709393407
1650.183948	11643.5122119105	8.80953170120418e-010	0.000770179815394118	0.240519786421054	1280.36615523201	4159.98202918108	0.0231481960436302	19473.6257567362	-1.72924014840011e-009	0.000923349942422298	0.398370735925447	2173.07929357167	7055.47420701383	0.000155069493601571	0.00523587113248882	0.0590956799686914	0.775668582730162	-1.99187631876568e-011	2.76323487874573e-005	0.599972467462848	-0.00908695894992015	2.0175423222588	-0.00167007909555019
1682.540496	11542.4900446396	7.7283930305905e-010	0.000737290204871956	0.234397947745019	1259.31657779511	4128.52223670795	0.0208282283199726	19483.6608879997	-1.71187852700159e-009	0.000885595438120631	0.392589673450367	2158.46930886027	7070.09797993498	0.000145678958459107	0.00485186302396192	0.0651111450368206	0.7700371254533	-1.52260688976372e-011	2.77950983204364e-005	0.599972304642775	-0.00920280631098984	2.01741176875405	-0.00166958601845895
1714.897044	11443.4797355023	6.76802789126219e-010	0.000705392778916025	0.22727742377525	1235.9477048923	4100.34831187835	0.0190048251843752	19493.9038663808	-2.62776052597668e-009	0.000849011870637489	0.38548822287426	2143.09636850443	7085.69037940812	0.000137639764203486	0.00449601840675412	0.0710875024142316	0.764416612691268	-1.99070358273668e-011	2.79448210225655e-005	0.599972154781692	-0.00930943192952427	2.01724269145878	-0.00166905274308934
1747.253592	11346.5164004371	5.91692553546124e-010	0.000674491312093183	0.219280872715816	1210.44199599406	4075.30429960375	0.0175396208431216	19504.7863025242	-2.09362053402057e-009	0.000813557544807918	0.376979270048761	2125.84948554975	7103.52688714997	0.000130689018519396	0.00416627207648437	0.0770236894969605	0.758810171781508	-1.59643532255642e-011	2.80835628889428e-005	0.599972016184212	-0.00941007668278386	2.01703320343777	-0.00166844888622826
1779.61014	11251.4995188112	5.16432934415674e-010	0.000644589238539714	0.210534755068733	1182.97310507494	4053.17205769466	0.0163411573150926	19516.5407888059	-1.9858321584222e-009	0.000779211188693542	0.367069847398205	2106.01252725437	7124.40263456525	0.000124628795563976	0.00386070993263712	0.0829207682132997	0.753218654875209	-1.63243920996826e-011	2.82121594463642e-005	0.599971887457537	-0.00950701569437422	2.0167825482954	-0.00166775947335485
1811.966688	11158.2478678606	4.50032322275508e-010	0.000615687347038699	0.201163808255351	1153.70110674467	4033.70457901687	0.0153467858724356	19529.2764685237	-1.87799408000339e-009	0.000745960893450888	0.35582670672638	2083.14774142045	7148.78220474235	0.0001193003750837	0.00357755809465719	0.0887810216390775	0.74764155390392	-1.44502607082306e-011	2.83323772946211e-005	0.599971767430065	-0.0096018713903378	2.01649056709659	-0.00166697886852932
1844.323236	11066.5316065522	3.91571865740398e-010	0.000587782034938767	0.191288331722478	1122.77233426768	4016.64288708004	0.0145122878245273	19543.02702976	-1.95813995825225e-009	0.000713797400801579	0.343354681292083	2057.00959583579	7176.90667841283	0.000114584572531793	0.00331517340201326	0.0946074224672466	0.742077537997132	-1.85569806534691e-011	2.84444089714649e-005	0.599971655126099	-0.00969582692569018	2.01615738935168	-0.00166610704433133
1876.679784	10976.0914717466	3.40205129889583e-010	0.00056086577979666	0.181023043701227	1090.32080337776	4001.724690076	0.0138056363028111	19557.7804524211	-1.57239531417655e-009	0.000682711625847618	0.329782371487694	2027.48306004427	7208.86811926307	0.000110380431977499	0.00307203247575805	0.100403314421306	0.73652478663787	-1.1823227433721e-011	2.85497829581783e-005	0.599971549712376	-0.00978976799647951	2.01578324155569	-0.00166514726269095
1909.036332	10886.6505398201	2.95156592953878e-010	0.000534927694919094	0.170476466329871	1056.46999171362	3988.6888090265	0.0132031277018094	19573.4971181083	-1.43138101912092e-009	0.000652693306336135	0.315252373860553	1994.54029734401	7244.66053293584	0.000106610642475763	0.00284672401908403	0.106172219276509	0.730981190287743	-1.15380132884702e-011	2.86489650885661e-005	0.599971450485973	-0.00988437825923383	2.01536832522646	-0.00166410444354972
1941.39288	10797.9215473771	2.55716772038638e-010	0.000509952374558524	0.159750208594022	1021.3345617353	3977.27727840113	0.0126869242015024	19590.1206802985	-1.61003794716804e-009	0.000623728319557849	0.299914649747266	1958.21084384597	7284.21400233539	0.00010321076669795	0.00263794009070094	0.111917718518143	0.725444475133376	-1.19403869736333e-011	2.87427444847391e-005	0.599971356834763	-0.00998021136329675	2.01491273234526	-0.00166298497521834
1973.749428	10709.6108183449	2.2124555870961e-010	0.000485922263326655	0.148939309781813	985.021874313586	3967.23603827546	0.0122433802622661	19607.5843543866	-1.99351390585114e-009	0.000595801328987089	0.283921317796961	1918.56082035002	7327.41805408957	0.000100132298905227	0.00244446860109387	0.117643388501226	0.719912276824415	-1.34378321177771e-011	2.88310780074971e-005	0.599971268236481	-0.0100777280002316	2.0144163805313	-0.00166179549647499
2006.105976	10621.4205641395	1.91164832377565e-010	0.000462816687906442	0.138131796219836	947.633480730268	3958.31450940631	0.011861961091874	19625.814500448	-1.78711121999141e-009	0.000568892954874367	0.267423771279257	1875.67913308751	7374.13658588895	9.73290040559176e-005	0.00226518677059529	0.123352762715877	0.714382184386663	-1.26376391037776e-011	2.89151700075427e-005	0.599971184232958	-0.0101773351604784	2.01387896537909	-0.00166054310374568
2038.462524	10533.0493328953	1.64952632248995e-010	0.000440612754363989	0.127408839853238	909.26619722205	3950.26502158406	0.011534463045922	19644.7323538845	-1.8369977066489e-009	0.000542981836855398	0.250569727979125	1829.66786447358	7424.21808427368	9.47680095104599e-005	0.0020990538715337	0.129049320127761	0.708851759691682	-1.19765612057017e-011	2.8994918731032e-005	0.599971104425574	-0.0102794060554085	2.013299910839	-0.0016592352348123
2070.819072	10444.1915571203	1.42144135603104e-010	0.000419285729132269	0.116844888978257	870.013372200299	3942.84124642692	0.0112544804041576	19664.2546888197	-1.30773735961447e-009	0.00051804411987274	0.233501813634212	1780.63607702577	7477.50180140382	9.24191710243529e-005	0.00194510531414704	0.13473648638973	0.703318542281006	-8.73708635516044e-012	2.90708809974216e-005	0.599971028461953	-0.0103842973219817	2.0126783275713	-0.00165787933879833
2103.17562	10354.536121601	1.22321768354052e-010	0.000398809074926309	0.106507772091312	829.965963742751	3935.79648968228	0.0110170250206666	19684.2936919128	-1.33720054689369e-009	0.000494053726778739	0.216356422179313	1728.69579831644	7533.82144326962	9.02582672143893e-005	0.00180244762997241	0.140417646715902	0.697780039557845	-6.40689592764922e-012	2.91433104231215e-005	0.599970956031714	-0.0104923649684472	2.01201296337676	-0.00165648329676183
2135.532168	10263.7641349393	1.05117631576165e-010	0.000379155021046227	0.0964589726669601	789.213711688615	3928.88139192283	0.0108182526668483	19704.7562621504	9.0459899935251e-011	0.000470982656397858	0.199263090133852	1673.95961508934	7593.00698581382	8.82648356696965e-005	0.00167025287381737	0.146096168455907	0.692233712613649	-2.74756935728741e-012	2.92124843947554e-005	0.59997088685679	-0.0106039750935008	2.01130215093408	-0.00165505521516606
2167.888716	10171.5459343404	9.02003915748774e-011	0.000360294621702076	0.0867538297818913	747.846267797717	3921.84137212481	0.0106552713121867	19725.5428209535	-5.88058751619884e-010	0.000448801355294594	0.182343995002149	1616.53941945218	7654.88510931851	8.64216682196083e-005	0.00154775340607147	0.151775431119815	0.686676949585469	-3.40953184357172e-012	2.92786514383114e-005	0.599970820689115	-0.0107195147023779	2.01054374380136	-0.0016536035613821
2200.245264	10077.5373172522	7.72826845100677e-011	0.000342198092278675	0.0774417851462598	705.95448432097	3914.41344974758	0.010526008642121	19746.5456732535	-4.08760842879723e-010	0.000427478829348892	0.165713899338445	1556.54609421189	7719.27842697251	8.47143349834821e-005	0.00143423829587544	0.157458863488173	0.681107031949742	-2.72919573041229e-012	2.93420355904158e-005	0.599970757304232	-0.0108394032598485	2.00973504012195	-0.00165213724187678
2232.601812	9981.37487060056	6.61072459011775e-011	0.000324834818891173	0.0685666208356461	663.631779303748	3906.32259016726	0.0104291271306395	19767.6468657785	-1.03650492458192e-009	0.000406982738510829	0.149480187632161	1494.08993059308	7786.00370620698	8.31307724691552e-005	0.00132904877063709	0.163149989550571	0.675521095355916	-6.19605624712771e-012	2.94028401112786e-005	0.599970696500462	-0.0109641061576622	2.00887268621626	-0.00165066595872062
2264.95836	9882.6702648348	5.64498989142705e-011	0.000308173483484991	0.0601666740077164	620.975717942755	3897.2772916529	0.0103639791593606	19788.7154712578	-1.02746624575546e-009	0.000387279656511348	0.133742938065604	1429.28169447518	7854.86909344502	8.16609586038756e-005	0.00123157385359047	0.168852482700961	0.669916077056958	-5.41801368347336e-012	2.94612506845466e-005	0.599970638089461	-0.0110941478057664	2.00795255821292	-0.00164920016034117
2297.314908	9781.00326214568	4.81119662349971e-011	0.000292182197295068	0.0522750276233529	578.089828856132	3886.96430495203	0.0103305995009733	19809.6041625584	-1.39485477871409e-009	0.000368334981911051	0.118595181419398	1362.23437969474	7925.6702118517	8.02967051826076e-005	0.00114124789071021	0.174570231048852	0.664288654837851	-7.39286936270869e-012	2.95174382219633e-005	0.599970581901552	-0.0112301306495754	2.00696960970837	-0.00164775144343697
2329.671456	9675.91308935353	4.09206445045432e-011	0.000276828461625736	0.0449196292764232	535.085716841842	3875.04228789385	0.0103297359580915	19830.1448777637	-1.28832193220769e-009	0.000350113075367328	0.104122970493019	1293.06565451745	7998.18500271997	7.90314536898725e-005	0.00105754659056175	0.180307417027996	0.658635170395665	-6.20921834227412e-012	2.95715613684973e-005	0.599970527777748	-0.0113727561428406	2.00591767818142	-0.00164633267916839
2362.028004	9566.88773419812	3.47237334962784e-011	0.000262079115120973	0.0381233982209797	492.085652939212	3861.13390226305	0.0103629216655509	19850.1433211243	-1.17869548401489e-009	0.000332577054572137	0.0904056972777294	1221.90122772717	8072.16688953242	7.78602316331166e-005	0.00097998414990621	0.186068614186256	0.652951535631558	-4.33689096471482e-012	2.96237688016094e-005	0.599970475569492	-0.0115228561751813	2.00478923425319	-0.00164495863888074
2394.384552	9453.35047209917	2.93887411203242e-011	0.000247900170553817	0.0319041863282132	449.225684651301	3844.81609422923	0.0104326001504981	19869.3719045283	-8.95078181413567e-010	0.000315688766927124	0.0775160157161749	1148.87926943804	8147.33589143419	7.67795696263253e-005	0.000908110442846102	0.191858907950222	0.647233115350382	-3.51681649587868e-012	2.96742014090404e-005	0.599970425136449	-0.0116814293923955	2.00357505922103	-0.0016436460911292
2426.7411	9334.64279974725	2.47998071177389e-011	0.000234256758360653	0.0262747288000318	406.659516941137	3825.60780718153	0.0105423164244689	19887.5606301406	-7.0153096176416e-010	0.000299408459220649	0.0655199161659504	1074.15635426087	8223.36685162989	7.57875794853427e-005	0.000841507942288359	0.197684046644636	0.641474579041561	-2.23770967978422e-012	2.97229944314423e-005	0.599970376342963	-0.0118496962272021	2.00226382241735	-0.00164241475931031
2459.097648	9210.0025451703	2.08560298559545e-011	0.000221112815916147	0.0212424064918323	364.563359533573	3802.95440267369	0.0106970006309036	19904.3851812291	-7.94391287043446e-010	0.000283694515132843	0.0544763903779141	997.915367845771	8299.87385320439	7.48840489067835e-005	0.000779790175601321	0.203550632507529	0.635669710971261	-2.23988986320555e-012	2.97702796656904e-005	0.599970329057901	-0.012029169640394	2.00084153416764	-0.00164128779204511
2491.454196	9078.53559037054	1.74693690937846e-011	0.000208430946544964	0.0168089130451391	323.142042499747	3776.20771396448	0.0109033796727903	19919.4512387032	-1.63598851889095e-009	0.000268503063001057	0.0444368942957495	920.376197712785	8376.38930214548	7.40706567784635e-005	0.000722598950159731	0.209466367210691	0.629811167440768	-8.82047006319946e-012	2.98161878367009e-005	0.59997028314984	-0.0122217559321944	1.99929083563503	-0.00164029278279518
2523.810744	8939.17917229774	1.45653187139821e-011	0.000196172077282297	0.0129697426163523	282.63676814499	3744.60038605971	0.011170573167427	19932.2736788564	-1.5839562020194e-009	0.000253787537680454	0.0354443924686811	841.8102797473	8452.33564307355	7.3351317210719e-005	0.000669602237856628	0.215440366067356	0.623890165305803	-8.26688023170167e-012	2.98608512564171e-005	0.599970238486239	-0.0124298969612317	1.99759009364434	-0.00163946307822441
2556.167292	8790.65433967946	1.20768588988974e-011	0.000184295528257573	0.00971346646351921	243.334838252885	3707.21305836567	0.0115109536365333	19942.248868797	-1.99905549057668e-009	0.000239498374337281	0.0275317551657205	762.560489379981	8526.98691626649	7.2732645410292e-005	0.000620492378112769	0.221483560566161	0.617896080706406	-9.22847145972443e-012	2.99044069112606e-005	0.599970194930544	-0.0126567696657134	1.99571229155665	-0.00163883932436042
2588.52384	8631.40530389372	9.9481576701744e-012	0.000172759392315978	0.00702078053163885	205.581573268985	3662.93313260511	0.0119413804534662	19948.6178959812	-1.78562418795922e-009	0.000225583123814606	0.0207193358450627	683.06835156145	8599.41652855113	7.22245964143305e-005	0.00057498439694515	0.227609201216723	0.611815947840501	-4.64121334711842e-012	2.99470000861769e-005	0.599970152336542	-0.0129065686942004	1.99362378894575	-0.00163847168820437
2620.880388	8459.52532758417	8.13199516722451e-012	0.000161522115469583	0.00486327868344861	169.79393574027	3610.40561575277	0.0124849303089774	19950.4185752562	3.00802754993962e-010	0.000211987689774459	0.015011350558796	603.910765024035	8668.42729283744	7.18411956096159e-005	0.000532814019284692	0.233833454061187	0.605633865201971	4.34849327907525e-012	2.99887885372573e-005	0.599970110544752	-0.0131848962194976	1.991283267617	-0.00163842263524216
2653.236936	8272.67590978612	6.58446431445569e-012	0.000150546842950644	0.00320204243787029	136.473361032255	3547.98211347116	0.0131731911049905	19946.4256556185	2.91290975375437e-010	0.000198660287544253	0.010390754287685	525.84770453583	8732.46146992062	7.16011692132697e-005	0.000493736448737286	0.2401760082455	0.599330388599935	1.9533853124037e-012	3.0029946835342e-005	0.599970069387388	-0.0134992731658791	1.98864178071388	-0.00163877116275129
2685.593484	8068.02625692501	5.27414308638988e-012	0.000139811034059992	0.0019861848912962	106.210026019974	3473.68939710182	0.0140488646672592	19935.0847093736	6.68580669536521e-010	0.000185561269488848	0.00681236124959534	449.878315523138	8789.49677809838	7.15276958491591e-005	0.000457524933386395	0.246660419031438	0.592882189166203	4.31871914164729e-012	3.00706694639232e-005	0.599970028663485	-0.0138597162004624	1.98564621309433	-0.00163961855145016
2717.950032	7842.28937236322	4.17476553625298e-012	0.000129325747040654	0.00115197299367109	79.6587660272037	3385.27524137475	0.0151674936329232	19914.4625804893	1.19136825963219e-009	0.000172684016184111	0.00419478557232269	377.290197157588	8836.95944154476	7.16456051054353e-005	0.000423969189667088	0.253313455597854	0.586262708666257	8.66976921727363e-012	3.01111688061531e-005	0.599969988164897	-0.0142791365714367	1.98225088442052	-0.00164109773035165
2750.30658	7592.02294544245	3.26602947600237e-012	0.000119165561150155	0.000623756484526291	57.4461466903963	3280.45468216035	0.0165953651174774	19882.2767110578	1.18525806395455e-009	0.000160091361536469	0.00241365834996755	309.656149744586	8871.74461003247	7.19729353313481e-005	0.000392874596455274	0.260161908340782	0.579445350438256	6.79497887335449e-012	3.01516597538605e-005	0.599969947674969	-0.0147728863346066	1.97844359401623	-0.0016433867421594
2782.663128	7314.42931547321	2.53369341879498e-012	0.000109490638635504	0.000318837927291862	39.9593092002974	3157.51954899025	0.0184009083333377	19836.1243382035	1.52465353872109e-009	0.000147955046364721	0.00130240556004241	248.684034564477	8890.52418748796	7.25060841710325e-005	0.000364060336540358	0.267224844814864	0.572411228289934	6.22259600558034e-012	3.01923200040347e-005	0.599969907015314	-0.0153563767579233	1.97428191103915	-0.00164672058598205
2815.019676	7008.58572259561	1.96017938027219e-012	0.000100501711504106	0.000157896714742551	27.0571278256734	3016.23277962036	0.0206494005739639	19774.0208210866	1.98636153370393e-009	0.000136538064227048	0.000669770440785101	195.823411199915	8890.50464671755	7.32115429905847e-005	0.000337359494481649	0.27450228481505	0.565160489106839	9.37923720446608e-012	3.02332309237438e-005	0.599969866104379	-0.0160407719629301	1.96989588756466	-0.00165136917749414
2847.376224	6676.071726966	1.51825537852153e-012	9.23001698591689e-005	7.80075500297391e-005	17.9841841188479	2858.21716877046	0.0234308459093941	19695.0642707835	1.71502965879532e-009	0.000126051447850289	0.000335883500417286	151.74318333478	8870.35652162366	7.404930619243e-005	0.000312616923976295	0.281970029735646	0.55771748697899	1.17896991854053e-011	3.02743505476212e-005	0.599969824985709	-0.0168308154491907	1.96539919047369	-0.0016575380492067
2879.732772	6319.88060753489	1.17885122076976e-012	8.48136779699034e-005	3.92852124856738e-005	11.7292471898179	2686.05912758226	0.0269172863543663	19599.6348063851	1.98810875767765e-009	0.000116502166379566	0.000167005955433468	116.122425985205	8830.45139270492	7.50085776755912e-005	0.000289689043717548	0.289590462443942	0.550119982177681	1.49986898682065e-011	3.03155714203738e-005	0.599969783764903	-0.0177294552121754	1.96079195377559	-0.00166526142802538
2912.08932	5942.79057919476	9.13468773067833e-013	7.78983740924686e-005	2.06665459757523e-005	7.45158387367143	2502.09117232916	0.0313983963955451	19488.9005671794	2.09300974372705e-009	0.000107742560122012	8.30534275680031e-005	87.9680679042406	8772.13275032196	7.61036872222457e-005	0.000268442715000158	0.297328108638338	0.542403582194496	1.33154695159374e-011	3.0356804620771e-005	0.599969742532295	-0.018744743221276	1.95599109069777	-0.0016744363250332
2944.445868	5546.84051338668	6.98100754691104e-013	7.1431588053841e-005	1.17926684883866e-005	4.56784475219441	2308.05949090964	0.0373169358824205	19364.1891980931	-7.75957247487074e-010	9.96069712838206e-005	4.18745105867462e-005	66.0666101105977	8696.86235190686	7.73544607261422e-005	0.000248754630269955	0.30515496579723	0.534596413057684	-7.96002131286603e-012	3.03980101973944e-005	0.599969701330345	-0.0198924548686027	1.95089280982103	-0.00168492885115335
2976.802416	5133.48536275642	5.26330375748647e-013	6.53190553977349e-005	7.56375944983009e-006	2.67202120144512	2105.28900387966	0.0453584463933199	19226.6137712671	-2.23886260263169e-009	9.19606495889274e-005	2.20473081985015e-005	49.2470034012681	8605.75416060148	7.87833900964153e-005	0.000230510505943224	0.313049436424612	0.526720186720284	-1.02476718801544e-011	3.04391938810218e-005	0.599969660147538	-0.0211962054497157	1.94538162934394	-0.00169662509181348
3009.158964	4703.78288135163	3.77675126149748e-013	5.94830463269691e-005	5.47294806807288e-006	1.47096153264379	1894.84993959529	0.0566215525485195	19076.8795419007	-5.80853756860523e-009	8.46955825700362e-005	1.2680111397619e-005	36.4803593450191	8499.3597675057	8.04204292515333e-005	0.000213604439499438	0.320994790004778	0.518791739277412	-3.52818683150412e-011	3.04804027591676e-005	0.599969618939759	-0.0226879917186153	1.93931915754217	-0.00170944229697588
3041.515512	4258.53060990661	2.664750408952e-013	5.3853310627719e-005	4.3181748271902e-006	0.748151751450863	1677.67727144799	0.0729240641805164	18915.1450576252	-5.66964502545122e-009	7.77210381099976e-005	8.26540406324779e-006	26.9021779246016	8377.53312329104	8.23138608719996e-005	0.000197938295137015	0.328978056614759	0.510824138828401	-2.35433570071493e-011	3.05217300870246e-005	0.599969577609853	-0.0244097205810245	1.93252793404428	-0.00172333217752539
3073.87206	3798.38452581024	1.74266160799714e-013	4.83596252731956e-005	3.55061780206287e-006	0.342660703475904	1454.67354368213	0.0973565358978784	18740.8603300077	-5.53252399067653e-009	7.09566436547135e-005	6.0815138331594e-006	19.8029034266431	8239.28415536356	8.45674423838512e-005	0.00018342113474382	0.336989212883259	0.502827499720248	-2.17897536349257e-011	3.05633511989913e-005	0.599969535987016	-0.0264156325208829	1.92476711115117	-0.00173828475709197
3106.228608	3323.98606155242	9.57841932322438e-014	4.29241743668838e-005	2.93732126604091e-006	0.13615856700721	1226.81853348152	0.135271484299491	18552.5188775103	-5.45095268148713e-009	6.43279083337908e-005	4.84142942430408e-006	14.6080284768428	8082.55609819168	8.74897780105381e-005	0.000169968689754977	0.345020564910682	0.494809600137917	-2.02371738507342e-011	3.06056861440877e-005	0.599969493650468	-0.0287754159466465	1.91569211131199	-0.00175433394301451
3138.585156	2836.12612720283	2.61090078963771e-014	3.74506550219118e-005	2.38769916618774e-006	0.0443595826674167	995.311402451967	0.195987989570612	18347.2468332498	-5.40968658715625e-009	5.77630909748593e-005	3.97671295954161e-006	10.8572102334784	7903.84855905419	9.21765521864588e-005	0.000157502871933927	0.353066266847935	0.486776364018145	-1.87012712999588e-011	3.06500628704938e-005	0.599969449272258	-0.03157740734006	1.90477854661751	-0.00177156145731637
3170.941704	2335.98994577629	-4.17320353835306e-014	3.17968898863763e-005	1.86733212973495e-006	0.0108320981279316	761.796396151383	0.295487210281919	18120.0733080855	-5.46688058949126e-009	5.11848684102116e-005	3.25886433808697e-006	8.18632652726697	7697.53540792548	0.000102230902119745	0.000145951320209624	0.361121933620959	0.478732248797181	-1.73847173372176e-011	3.07009824765606e-005	0.599969398351276	-0.0349282839213603	1.89114015879394	-0.00179008434085528
3203.298252	1825.55347603612	-1.17266140718853e-013	2.5667168157396e-005	1.35446013746802e-006	0.0017326801827781	528.899915806179	0.456792926527953	17862.3201100302	-6.01634870326333e-009	4.44588657361753e-005	2.60291697672799e-006	6.31406555921854	7454.29793072372	0.000122388145596041	0.000135246980689089	0.369184367795046	0.47068051904621	-1.78329923813754e-011	3.07697087486563e-005	0.59996932962458	-0.0389297617718481	1.87289694655679	-0.00180974971767268
3235.6548	1307.69633388712	-2.70246263649354e-013	1.76707234834716e-005	7.74693952229689e-007	0.000238313656526654	303.314599910741	0.629602325819973	17556.1665626773	-6.82154653834585e-009	3.69301418999721e-005	1.94786814753238e-006	5.03375537515876	7152.51115024755	8.11948365729022e-006	0.000125327717133873	0.377252432146112	0.462622373912751	-1.61585027219596e-011	3.08188596139005e-005	0.599969280472415	-0.0435383262270796	1.84171703156617	-0.00182240105424347
