0	1001.04400127645	18.9999778689839	0.178030936810249	0.324000492941679	0.0199816743519399	4.71501331918945e-007	9.75739849277915e-013	1001.04413043331	18.9999999980105	0.178000005622348	0.324000007272735	0.0199999999159253	5.22899532295569e-007	8.84450984175443e-010	0.239999999999885	9.99999990406293e-008	0.600000000000114	9.99999999999998e-013	9.99999990406293e-008	0.6	-5.29176252917472e-005	2.4792343983508	-2.27044515954662e-005
1868.0132	1105.44453618391	18.9189822143316	22.7179090372584	34.2191914795903	1.3602061226807	3.30711280108777e-005	1.58873701145098e-011	1142.04677266988	18.8818474826397	23.8754042378591	36.0213070934877	1.40166528499366	3.41379350804836e-005	8.05056941682431e-006	0.235594751192066	9.77890063194835e-008	0.604405243147492	9.70805148162338e-013	9.34732907692319e-008	0.600000000098253	-0.000981954348686463	2.4165728188435	-0.000198240958891945
3736.0264	1214.43322771813	18.9173988359567	44.996450716956	67.7575589162277	2.69257109751818	6.5444297324108e-005	1.81571365810172e-011	1252.03412496004	18.8890352817378	47.1428943709493	71.0639295923104	2.79534915796089	6.80157391634379e-005	7.8859656828845e-006	0.23118234831728	9.1834037310065e-008	0.608817693546475	9.45528081792872e-013	9.31323265611794e-008	0.600000013140302	-0.000857435598732145	2.40793791560426	-0.000173856710121841
5604.0396	1322.15612705281	18.9157722630961	67.0474759502473	100.948471870073	4.01094600121836	9.74730889538092e-005	2.00160785249278e-011	1360.47473595372	18.8920600266964	69.9507176270619	105.401744696676	4.1603800951669	0.000101185373368018	7.40684098737611e-006	0.226769946058511	7.87398912161762e-008	0.613229991449982	9.21918846978594e-013	8.80416572903022e-008	0.600000018703036	-0.000760884891976636	2.40292134893757	-0.000155112728780394
7472.0528	1428.62275479924	18.9140900662616	88.8626734715441	133.782141502838	5.31504285129517	0.000129152965611318	2.32449479177945e-011	1467.45940724618	18.8933748591546	92.3580848817151	139.13108485456	5.50091476351415	0.000133754442131954	7.04139022773371e-006	0.222357544285367	8.49525721119596e-008	0.617642407492089	8.99330005639377e-013	8.42395362059437e-008	0.600000023679451	-0.000683981186345371	2.39938603782367	-0.000140238187060544
9340.066	1533.84654737704	18.9123448953117	110.438337835023	166.254198988682	6.60473459613089	0.000160481878105435	2.70711543616427e-011	1573.05704622136	18.893757244979	114.406492012317	172.317192455794	6.81968523308744	0.000165792166681372	6.60965971519472e-006	0.217945148254044	8.2880944083313e-008	0.622054809565557	8.77458899839063e-013	7.92980675943666e-008	0.600000026566947	-0.000621315042476516	2.39666088699053	-0.0001281375814043
11208.0792	1637.84351332146	18.9105307997007	131.773486769543	198.363877669902	7.88001853950499	0.000191460439589235	3.1345301470252e-011	1677.32139966778	18.8935469054588	136.125401336792	205.005855701424	8.11858630385768	0.000197345694370673	6.24762080486103e-006	0.213532761401796	8.10796776559544e-008	0.626467226647695	8.56132886114321e-013	7.5299965332469e-008	0.600000030549182	-0.000569280266141061	2.39444723185902	-0.000118095793190525
13076.0924	1740.63107522138	18.9086423194554	152.868756057749	230.112623306384	9.14097129817722	0.000222090950488029	3.57378347049197e-011	1780.29604380943	18.8929186804807	157.536520887978	237.230630066479	9.39899791569989	0.000228449478876427	5.90712425818384e-006	0.209120389438511	7.32121329216144e-008	0.630879582192591	8.3524207621722e-013	7.15076134265138e-008	0.600000034325931	-0.000525389092587751	2.39258599710086	-0.000109625425432141
14944.1056	1842.22748901782	18.906673961499	173.725795334433	261.503291107259	10.3877209546056	0.000252376900119927	4.04383903690893e-011	1882.01782575295	18.8919717189091	178.656497993086	269.017176748734	10.6619714171851	0.000259129635104403	5.5859125716379e-006	0.204708036053259	6.45461517734539e-008	0.635291945309081	8.14711324114244e-013	6.78983202255628e-008	0.600000037923964	-0.000487872218104188	2.39098237442818	-0.000102382429114403
16812.1188	1942.65138169347	18.9046200218714	194.346885032972	292.539619219273	11.6204280702283	0.000282322477708228	4.53227551396674e-011	1982.51888592925	18.8907657376615	199.498556150848	300.385851839943	11.9083389292635	0.000289406804291284	5.28380519684577e-006	0.200295705099565	5.51405414411152e-008	0.639704271670222	7.94486552679648e-013	6.44819072935601e-008	0.600000041338989	-0.000455437541192522	2.38957529468249	-9.61168015399467e-005
18680.132	2041.92152568109	18.9024744045422	214.734712723736	323.22591939038	12.8392744587007	0.000311932392567594	5.07808587517449e-011	2081.82804784799	18.8893378896524	220.073548093239	331.353354819652	13.1387822293186	0.000319297863483374	4.99876039382171e-006	0.195883399197066	5.41893046349291e-008	0.644116582067651	7.74527306340661e-013	6.12326363443885e-008	0.600000044603184	-0.00042711985947635	2.38832310752742	-9.06423837493105e-005
20548.1452	2140.05663265609	18.9002306281906	234.892216474398	353.566856648736	14.0444550367894	0.000341211565293711	5.61903239652244e-011	2179.9716228332	18.88771154665	240.390621089964	361.93376439646	14.3538758320297	0.000348817125135603	4.72933370167123e-006	0.191471121491442	4.92837651824809e-008	0.648528867251057	7.54802390510473e-013	5.81454273575882e-008	0.600000047671207	-0.000402183613003432	2.38719613292918	-8.58176406558528e-005
22416.1584	2237.07525679012	18.8978815891618	254.822489162803	383.567316924277	15.2361730236771	0.000370165178387673	6.1795972475958e-011	2276.97401597049	18.8859009360745	260.457671947292	392.139245840836	15.5541162683485	0.000377976879549202	4.47542407708613e-006	0.187058875336381	4.65242235454607e-008	0.652941116472483	7.35287148358289e-013	5.52180866333322e-008	0.600000050596144	-0.000380058547050044	2.38617247149078	-8.15330007462086e-005
24284.1716	2332.99573611697	18.895419561362	274.528714861738	413.232318160063	16.4146366797713	0.000398798513923672	6.76301239712914e-011	2372.85813000084	18.8839140193996	280.281656977242	421.980530737163	16.7399419076498	0.000406788062197752	4.23631605521152e-006	0.182646664066257	4.71606593437446e-008	0.657353326832672	7.15961685226519e-013	5.24438588536684e-008	0.600000053383437	-0.000360295720391808	2.38523550094731	-7.77022915547972e-005
26152.1848	2427.83612881118	18.8928361036311	294.014119702772	442.566942029861	17.5800568183536	0.000427116891299772	7.34367987980473e-011	2467.64563912392	18.8817541756092	299.868805485852	451.467248010656	17.9117466315603	0.000435260455565319	4.00995916374151e-006	0.178234491693779	4.63338476671798e-008	0.661765500474571	6.96809669264392e-013	4.98047345048848e-008	0.600000056026777	-0.000342536941380947	2.38437230494378	-7.42567947813921e-005
28020.198	2521.61418343411	18.8901219504047	313.281939498891	471.576290008471	18.7326452507387	0.000455125650843758	7.88538880571189e-011	2561.35718397731	18.8794212346259	319.224772172716	480.608160607478	19.0698896224807	0.000463403044237565	3.79591556974876e-006	0.173822363271883	3.71096507579135e-008	0.66617762322534	6.77817492585354e-013	4.72965480173742e-008	0.600000058514613	-0.000326492913076461	2.38357264621129	-7.1141030714106e-005
29888.2112	2614.34739663392	18.8872667615015	332.335411964038	500.265477201343	19.8726147612523	0.000482830286462155	8.49523548900196e-011	2654.01258412982	18.8769119615336	338.354761724596	509.411360569711	20.2147034423128	0.000491224163831797	3.59382360158933e-006	0.169410281752532	4.18126203115594e-008	0.67058971643092	6.58973654772303e-013	4.49174880424017e-008	0.600000060912469	-0.000311927341111348	2.38282827174549	-6.83097044381637e-005
31756.2244	2706.05291280021	18.8842592655791	351.177742708154	528.639582535817	21.0001771826768	0.000510236128271808	9.09818225379605e-011	2745.63089733844	18.874220746789	357.263599607651	537.884377835439	21.3464985547063	0.000518731607420702	3.40279534710948e-006	0.16499825170998	4.53388059399313e-008	0.675001745170697	6.40268334763064e-013	4.26575447141734e-008	0.600000063179232	-0.00029864552492611	2.38213243068743	-6.57254730947974e-005
33624.2376	2796.74752995726	18.881086946041	369.812094429933	556.703637946512	22.1155431838948	0.000537348510753611	9.63810767002652e-011	2836.23048584379	18.8713396410135	375.95579041759	566.034274449966	22.4655673231567	0.000545932747404449	3.22217046898104e-006	0.160586279194318	3.65339875882312e-008	0.679413709315736	6.21693058083876e-013	4.05116608906844e-008	0.600000065353052	-0.000286485435551241	2.38147952972751	-6.33572703899598e-005
35492.2508	2886.44775241014	18.877735693523	388.241587916781	584.462636137993	23.2189228275183	0.000564172947619697	1.0263312607972e-010	2925.82914260959	18.8682582519035	394.435575277084	593.867738137477	23.572187990582	0.000572834655514793	3.05129190339919e-006	0.156174369523933	4.56375960730114e-008	0.683825601588429	6.03240435164995e-013	3.84728896829085e-008	0.60000006727032	-0.000275311156932631	2.38086488140004	-6.1179032668747e-005
37360.264	2975.16978996228	18.8741899993117	406.469296363398	611.921522163476	24.3105252403419	0.000590714743498477	1.08711514518573e-010	3014.44416598358	18.8649641592834	412.70697309437	621.391144473305	24.6666272679654	0.000599444092025254	2.88967840558048e-006	0.151762527060382	5.20352616196648e-008	0.688237433485915	5.8490396408539e-013	3.65366951691165e-008	0.600000069154454	-0.000265007918600149	2.38028451784152	-5.91687364210091e-005
39228.2772	3062.92943692269	18.8704324653264	424.498212579851	639.085151930539	25.3905572788735	0.000616979218793376	1.13957294606705e-010	3102.09226406577	18.861442538988	430.773778265051	648.610561953441	25.7491408226085	0.000625767623654494	2.76094106311236e-006	0.147350760949276	4.48199884127049e-008	0.69264918659353	5.66677900843548e-013	3.50897834812404e-008	0.600000069974684	-0.000255478094983466	2.3797350504545	-5.73076424273344e-005
41096.2904	3149.74222203269	18.8664433735011	442.331273234142	665.958336341796	26.4592255879343	0.000642971873044837	1.19686719720637e-010	3188.7897135012	18.8576758272802	448.639607211177	675.531830068479	26.8199766930619	0.000651811614191088	2.64129915945564e-006	0.142939079285289	4.73203669669815e-008	0.69706085166922	5.48557111622762e-013	3.37202238913216e-008	0.60000007218137	-0.000246638007203411	2.37921356073285	-5.55797002953964e-005
42964.3036	3235.62339631831	18.8622007079722	459.971352994421	692.545834881745	27.5167364420587	0.00066869807764158	1.25312101367199e-010	3274.55242675155	18.8536438604931	466.307922089734	702.16059739712	27.8793769649313	0.000677582331329725	2.50198959834251e-006	0.138527489370715	4.84162689525387e-008	0.701472439824081	5.30536975270829e-013	3.20253489850433e-008	0.600000073804835	-0.000238415729341834	2.37871751632244	-5.39710854531087e-005
44832.3168	3320.5878487923	18.8576794804268	477.421239720409	718.85232958837	28.5632951635003	0.000694163295176951	1.30737534815592e-010	3359.39582665747	18.8493232302425	483.782012309385	728.502305267882	28.927577550524	0.000703086185720623	2.36998085315918e-006	0.134116002354711	4.56826981557075e-008	0.705883916582048	5.12613324482499e-013	3.04130305960765e-008	0.600000075380366	-0.000230748862090759	2.37824470531967	-5.24698274861928e-005
46700.33	3404.65021517949	18.8528512659494	494.683651671788	744.882460073972	29.5991078774543	0.000719373102037991	1.36408676505386e-010	3443.33502245388	18.8446868811122	501.065033258273	754.562255603724	29.9648112567421	0.000728329177340727	2.24504859537704e-006	0.129704628675284	4.90293183910485e-008	0.710295305933537	4.94782358410583e-013	2.88823273566545e-008	0.600000076903992	-0.000223583200626787	2.37779318261092	-5.10655043295533e-005
48568.3432	3487.82482666469	18.8476837868967	511.761221454721	770.640808643265	30.6243812926336	0.000744333068913552	1.41686071793996e-010	3526.38475548503	18.839703741622	518.159998549551	780.345608281293	30.9913080886653	0.00075331759236884	2.12653058282777e-006	0.125293380838312	4.57778135676482e-008	0.714706536726073	4.77040602598934e-013	2.74257557228102e-008	0.600000078357109	-0.000216871375038478	2.37736122784825	-4.97490040815121e-005
50436.3564	3570.1257166951	18.8421399627478	528.65648915063	796.131906507901	31.6393236098938	0.000769048960462757	1.46792813159342e-010	3608.55939632074	18.8343377866283	535.069778206823	805.85739549428	32.0072964490423	0.000778057755090891	2.01400982955204e-006	0.12088227418284	4.02205651836111e-008	0.7191176578826	4.5938486438395e-013	2.60368902727089e-008	0.600000079748253	-0.000210571729970066	2.37694731067087	-4.85123222809908e-005
52304.3696	3651.56666601773	18.8361771144049	545.371903958857	821.36025230225	32.6441458997209	0.000793526718190001	1.52017259452798e-010	3689.87302622991	18.8285472811574	551.797112230479	831.102558162304	33.0130052516165	0.000802555756495412	1.90824409944556e-006	0.116471325119884	3.83582377531596e-008	0.723528609823658	4.41812188638487e-013	2.47284048459432e-008	0.600000081016602	-0.000204647589532715	2.37655006191408	-4.73483988549386e-005
54172.3828	3732.16117113916	18.8297460109561	561.909808940415	846.33030774328	33.6390626761411	0.00081777239247845	1.56509932403562e-010	3770.33939762206	18.8222838428906	568.344598741589	856.085946787003	34.0086647252783	0.000826818362986016	1.80802396731677e-006	0.112060553608962	2.24473179412276e-008	0.727939354744706	4.24319835219692e-013	2.34832913185812e-008	0.600000082223612	-0.000199066475033368	2.37616825025111	-4.62509850529321e-005
56040.396	3811.92250208998	18.8227890855484	578.272438725077	871.046526128713	34.6242943068694	0.000841792524443159	1.61792705231592e-010	3849.97200222326	18.8154906769548	584.714697100087	880.812358611988	34.9945091100826	0.000850852083911205	1.71387718067007e-006	0.107649981502388	2.49060377353415e-008	0.732349928658025	4.06905244006888e-013	2.23124000822789e-008	0.600000083465698	-0.000193799546602815	2.37580076162733	-4.52145247251869e-005
57908.4092	3890.86367819889	18.8152393720754	594.461903989615	895.513352272211	35.6000679469086	0.000865593754707256	1.66511383106138e-010	3928.78404053353	18.8081015288527	600.90971479563	905.286540929576	35.9707778065956	0.000874664221282074	1.62353219900413e-006	0.103239634552291	1.64990052027893e-008	0.736760281447983	3.89566019703603e-013	2.118424634576e-008	0.600000084659847	-0.000188821055498479	2.37544658291418	-4.42340675612945e-005
59776.4224	3968.99746649875	18.8070177096116	610.480169394038	919.735239550472	36.5666202283948	0.000889183361048022	1.71501453978637e-010	4006.78844909833	18.8000378998281	616.931792763749	929.513219834319	36.9377184587034	0.000898262242022472	1.53848349680245e-006	0.0988295441052954	1.4841858912947e-008	0.741170372878849	3.72299916414199e-013	2.01210958045455e-008	0.600000085704699	-0.000184108030903686	2.37510478662501	-4.33051833041692e-005
61644.4356	4046.33644673271	18.7980304072292	626.329046896778	943.716686096261	37.5242005558692	0.000912569097930631	1.76378049757579e-010	4083.99795218739	18.7912067368293	632.782898734266	953.497136671195	37.8955903111683	0.000921653865856043	1.45783058008387e-006	0.0944197453979244	1.20098718589053e-008	0.74558017904549	3.55104814116058e-013	1.9106560205091e-008	0.600000086717808	-0.000179639858901507	2.37477451801804	-4.24238974443176e-005
63512.4488	4122.89297955639	18.7881654784714	642.010158642551	967.462249849054	38.4730745503238	0.000935759485911206	1.81143022720016e-010	4160.42503306178	18.7814966563684	648.464792461989	977.243066967287	38.8446677746705	0.000944848064927561	1.38173235843846e-006	0.0900102814048691	8.11546254207445e-009	0.749989645992465	3.37978716736962e-013	1.81466672835766e-008	0.600000087688709	-0.000175397988438982	2.37445498333503	-4.15866334564636e-005
65380.462	4198.67921891078	18.7772879926039	657.524901462122	990.976583804503	39.4135290123353	0.000958764008969791	1.8607048362584e-010	4236.0819376891	18.7707733238208	663.978990137949	1000.75585612358	39.785245387323	0.000967854443940901	1.3093570840299e-006	0.0856012048910416	8.48909377098305e-009	0.75439872976713	3.20919745183251e-013	1.72285559748091e-008	0.600000088651766	-0.000171365645321492	2.37414543878586	-4.07901637927272e-005
67248.4752	4273.70716513181	18.7652340084422	672.874408391894	1014.26449420228	40.3458789024525	0.000981593341801638	1.91013803313216e-010	4310.98076944248	18.7588734089778	679.326734449203	1024.04049093699	40.7176453638093	0.000990683962640579	1.24050973485311e-006	0.0811925788124104	1.03231841336012e-008	0.758807364679606	3.03926126045619e-013	1.6358801734426e-008	0.600000089535564	-0.000167527734468216	2.37384517956522	-4.00315687851802e-005
69116.4884	4347.98867458032	18.7518021887916	688.0594821678	1037.33100034168	41.2704761519444	0.00100425979088699	1.96232495159829e-010	4385.13345251534	18.7455961896528	694.508920784899	1047.10214955289	41.6422259487042	0.00101334887659446	1.17501639135784e-006	0.0767844806467956	1.88094354646784e-008	0.763215458166054	2.86996196402415e-013	1.55263982001114e-008	0.600000090238899	-0.000163870505158575	2.37355352891879	-3.93081998460116e-005
70984.5016	4421.53548296603	18.7367427916192	703.080510001043	1060.18141778447	42.18772148783	0.00102677769022606	2.01176624180904e-010	4458.55178486244	18.7306925869236	709.526017872085	1069.94629444396	42.5593936344551	0.00103586384836296	1.11305796352356e-006	0.0723770069806777	2.25842999094921e-008	0.767622925630495	2.70128409359947e-013	1.47339881698224e-008	0.600000091017806	-0.000160381474791453	2.37326982621427	-3.86176490949946e-005
72852.5148	4494.3592299968	18.7197419013847	717.937340003197	1082.82147433493	43.0980812151063	0.00104916423385789	2.05975321809447e-010	4531.24745800203	18.7138494212365	724.377943664784	1092.57878915511	43.4696198868101	0.00105824616395743	1.05431682918113e-006	0.0679702803553399	2.42125213217524e-008	0.772029656018314	2.53321350292709e-013	1.39841274864258e-008	0.600000091738632	-0.000157049267565081	2.37299341294865	-3.79577220787505e-005
74720.528	4566.47153185305	18.7003996743851	732.629117651937	1105.25748283684	44.0021109948628	0.00107144039698476	2.10552180358481e-010	4603.23212838165	18.6946676705852	739.063901438163	1115.00607297417	44.3734649782146	0.00108051700608961	9.9993782199374e-007	0.0635644571670423	2.22254188463315e-008	0.77643548836948	2.36573755646817e-013	1.32886236675991e-008	0.600000092441084	-0.000153863490887362	2.37272361563854	-3.73264138010647e-005
76588.5412	4637.88407628835	18.6781989337201	747.154047428076	1127.49658848416	44.9004901700437	0.00109363239992273	2.14922441076633e-010	4674.51751070138	18.6726311493963	753.582140822394	1137.23541000388	45.2716121582866	0.00110270251608743	9.47922922096207e-007	0.0591597389249686	1.60179430314372e-008	0.780840207934787	2.19884545476943e-013	1.26216839470828e-008	0.600000093071836	-0.000150814615807181	2.37245972338976	-3.67218884473705e-005
78456.5544	4708.60871494006	18.652458639413	761.509028745139	1149.54712078538	45.7940721813856	0.00111577387774142	2.19692259541615e-010	4745.1154708631	18.6470600089719	767.929592348299	1159.27524425833	46.1649180924628	0.00112483641006588	8.99093976125329e-007	0.0547563914877471	1.7227383635339e-008	0.785243570455508	2.03252885457054e-013	1.19959636494751e-008	0.600000093795359	-0.000147893884371164	2.37220095686205	-3.61424598307656e-005
80324.5676	4778.65765231534	18.6222644319596	775.68912030074	1171.4191373657	46.6839609312926	0.00113790895200599	2.24365428380787e-010	4815.03822146869	18.6170414708185	782.101331279723	1181.1357486603	47.0544889796462	0.00114696299757722	8.53281649332468e-007	0.0503547712130306	1.96735764148925e-008	0.789645191917428	1.86678273523897e-013	1.14012582767354e-008	0.600000094438346	-0.000145093235396735	2.37194642356521	-3.55865765423122e-005
82192.5808	4848.04364849554	18.5863599217482	789.686678559543	1193.12524914377	47.5716298053096	0.00116009737409714	2.28651128310317e-010	4884.29850338934	18.5813212464192	796.089708823576	1202.82964969328	47.9417988709779	0.00116914185104134	8.08547344324729e-007	0.0459553709955054	1.22270081618611e-008	0.794044604094197	1.70160700487947e-013	1.08234899229704e-008	0.600000095024239	-0.000142405175468485	2.37169504978271	-3.50528068750835e-005
84060.594	4916.7804641796	18.5429710255984	803.489984016447	1214.68199545437	48.459116566004	0.00118242282756501	2.33322258492473e-010	4952.91003069844	18.5381282650711	809.882972794149	1224.37360998736	48.8288835785026	0.00119145656256205	7.66897656060659e-007	0.0415588881079822	1.17819728066385e-008	0.798441101262562	1.53700889035147e-013	1.02811190520638e-008	0.600000095556034	-0.000139822706413047	2.3714454714142	-3.4539822535829e-005
85928.6072	4984.88355406364	18.4895128523187	817.080921302205	1236.11213783492	49.3493509072936	0.0012050066248942	2.38209855845698e-010	5020.88817601921	18.4848821482194	823.462937092131	1245.79053211789	49.7186661869709	0.0012140281892009	7.27742922623753e-007	0.0371663408497612	1.57860755240805e-008	0.802833664409431	1.37300710682115e-013	9.77246241042474e-009	0.600000096108325	-0.000137339231235091	2.37119585265094	-3.40463856081707e-005
87796.6204	5052.3712564936	18.4220738483077	830.430857338466	1257.44871326575	50.2467361603301	0.00122803245699626	2.43028564055877e-010	5088.25113050194	18.4176785674582	836.800839637087	1267.11362392279	50.6155340594182	0.00123703969293732	6.88261390354522e-007	0.0327792770038512	1.5396089655179e-008	0.807220742367704	1.20963937909858e-013	9.25408156526549e-009	0.600000096587804	-0.000134948402588253	2.37094356638655	-3.3571332587927e-005
89664.6336	5119.26703802044	18.3344560409018	843.492900028442	1278.74264902701	51.1582456217635	0.00125179306278973	2.47857178283792e-010	5155.02206847502	18.3303318641783	849.849560450824	1288.3940284559	51.5264246082885	0.00126078228125919	6.52094941962255e-007	0.028400164948826	1.29054190430534e-008	0.811599870979728	1.32275550430475e-013	8.77490885688267e-009	0.600000097066397	-0.000132643825802525	2.37068459582607	-3.3113553475128e-005
91532.6468	5185.60405260512	18.2162675121418	856.186321418411	1300.07809883601	52.0956392903289	0.00127678478507886	2.5290709381428e-010	5221.23357461053	18.2124728435765	862.527975547697	1309.7161944657	52.4630167854436	0.0012857489326714	6.17414666688356e-007	0.0240331681251126	6.70937408586983e-009	0.815966860977433	1.04224826888227e-013	8.31936368901237e-009	0.600000097439419	-0.00013041858640879	2.37041233224586	-3.26719597577019e-005
93400.66	5251.43508565957	18.0488040603463	868.362317418323	1321.60609299075	53.0803605967547	0.00130391743222836	2.58562749768698e-010	5286.93721624261	18.0454431537873	874.686567610446	1331.23157208742	53.4465605290877	0.00131284119670118	5.86244281289384e-007	0.0196858565391985	3.57661851317512e-009	0.820314173500521	1.25447402617944e-013	7.93314050258739e-009	0.600000097908096	-0.000128264068248515	2.3701149380965	-3.22454264885e-005
95268.6732	5316.85670636238	17.7952335914753	879.720237222642	1343.62669700565	54.1556068831329	0.00133503493528415	2.65332349372759e-010	5352.2266739584	17.7925138958449	886.023329744098	1353.24082774582	54.5197460231604	0.00134388142425146	5.61747177114837e-007	0.0153733518058206	3.92821876936567e-009	0.824626691346389	9.10059032493161e-014	7.60875492444705e-009	0.600000098416807	-0.000126166846374342	2.36976890920874	-3.18326698459293e-005
97136.6864	5382.07627377317	17.3743110582228	889.573643164132	1366.81786049304	55.420459817142	0.00137440275707668	2.73945593345488e-010	5417.30144817877	17.3727030238353	895.849032346685	1376.42265173536	55.7801451640648	0.00138306999897956	5.22635771672483e-007	0.0111297793050052	1.15898541606387e-009	0.828870235299266	2.48764233894074e-014	7.09567901787686e-009	0.600000098602265	-0.000124099118232829	2.36932113857325	-3.14319496929253e-005
99004.6996	5447.62598347822	16.581601835737	896.09098933779	1392.97422723505	57.1432242908532	0.00143374151324328	2.87524483981818e-010	5482.66890446328	16.5823266387591	902.32579230123	1402.57184447619	57.4908288324647	0.00144189644829204	4.91669256093232e-007	0.00704475572489259	7.3061750683904e-010	0.832955241810534	-4.70773924116599e-014	6.68398773593052e-009	0.600000098838358	-0.000121985631677695	2.36863091109809	-3.1040372167308e-005
100872.7128	5515.1024985298	14.8584406175476	893.573634467048	1427.62152286637	60.190279864897	0.00155211618914127	3.15534845894436e-010	5549.84191822882	14.8646902532167	899.738368420045	1437.21174293705	60.4983203202006	0.00155849718622586	4.94357273444811e-007	0.00338855922446621	-1.78960491748499e-009	0.836611432211339	5.06172930470195e-012	6.61759922566043e-009	0.600000100229136	-0.000119599784336998	2.36726319789706	-3.06534847123856e-005
102740.726	5588.80353503315	11.1295469463207	865.575287051045	1486.28827212336	67.3490374759187	0.00186657158390247	3.93550018203917e-010	5622.95863131239	11.1444116669116	871.580036743024	1495.9044759344	67.5411995674082	0.00186710039901535	9.04855913909568e-008	0.000884115438091876	6.77621316131818e-010	0.83911585795374	-7.10451028018124e-013	-1.59223730858763e-010	0.600000097978538	-0.000116619924579223	2.3639718165665	-3.0278267320794e-005
104608.7392	5672.14563382282	6.17546248193432	795.566352381336	1582.55183588464	83.0747839507563	0.00266726183777429	6.05292799092106e-010	5705.74229903849	6.18883584862445	801.158235880805	1592.47410061689	83.128663546951	0.00265777148571519	3.1237083496165e-007	7.97859760526695e-005	3.91249605518955e-010	0.839920182062844	5.60528547694134e-014	2.89980926735819e-009	0.600000099102385	-0.000114077837833717	2.35750294730032	-2.99486054305348e-005
106476.7524	5759.66083326416	2.88452163877309	703.878103236123	1693.56720278251	107.531829860886	0.00417596377751582	1.04224338573513e-009	5793.07692906148	2.8911952786785	708.844908002867	1704.08043111785	107.546153562166	0.00415679224344598	3.63904395998474e-007	2.6896591007173e-006	5.59882242873906e-010	0.839997285987721	6.23647949291184e-013	4.73449563539708e-009	0.600000097120959	-0.000112656867024393	2.34930620942419	-2.96467590076451e-005
108344.7656	5847.60563566109	1.28563950549272	610.749419111087	1798.44442159803	139.752817520868	0.00664215545836903	1.83413135164887e-009	5880.92004590395	1.28859562934284	615.061104622426	1809.5676583527	139.773537083809	0.00661075442942955	6.90357029524736e-007	5.25562074113313e-008	2.62308037258853e-009	0.839999974929573	4.55328780800832e-013	1.02459739786308e-008	0.60000011028879	-0.00011155415746434	2.3407553867248	-2.93711569439746e-005
110212.7788	5935.5671989961	0.564462924691188	522.476923020789	1890.02085659267	180.424565094064	0.0105343909471625	3.22383020498887e-009	5968.76996027134	0.565742884578448	526.163876304526	1901.68935055122	180.479631616763	0.0104857378869064	8.53782245628727e-007	7.56240167813338e-010	7.61262865832339e-010	0.83999998639575	-2.43247498195192e-014	1.36952026707645e-008	0.600000108899385	-0.000110579878420553	2.33219306515827	-2.9126471228199e-005
112080.792	6023.53058520233	0.247547036093175	441.939791336197	1964.508484884	230.448723700131	0.0165340463663019	5.60839088087448e-009	6056.60956143514	0.248098551004877	445.054564747406	1976.62695099057	230.573749472764	0.0164619481160298	6.23980642814388e-007	1.16668001469663e-010	-2.473195171491e-009	0.839999978267326	-1.18201894837743e-014	1.02684699473062e-008	0.600000108973909	-0.000109703860831775	2.32376086534393	-2.89077342567116e-005
113948.8052	6111.49480417642	0.109623973678673	370.659013008989	2019.7688721159	290.441320097931	0.0255446119141243	9.59385417841339e-009	6144.44341790603	0.10986261713104	373.265052931709	2032.22195427525	290.684281215937	0.0254427812047828	5.49985598125692e-007	1.47756380112874e-012	2.43200716120366e-010	0.839999923286045	1.40125350916818e-014	1.06794134735244e-008	0.600000112253803	-0.000108887916783339	2.31556228583269	-2.87046092111272e-005
115816.8184	6199.45889899892	0.0494970332978892	309.162253034458	2055.15320684767	360.52185252171	0.038681462896672	1.60455225793736e-008	6232.27831343362	0.0496015779918693	311.327106075231	2067.81344606658	360.943095593558	0.0385452596998753	7.35941148060707e-007	9.45163914363405e-012	-1.19945135452152e-009	0.839999938423753	-4.30860233944295e-016	1.19406716636386e-008	0.600000115508967	-0.000108084872241604	2.30768362832698	-2.85040317599997e-005
117684.8316	6287.42191153245	0.0229705297136837	257.186249868797	2071.36672381376	440.246528099971	0.0572293112968119	2.61306950494016e-008	6320.12088836786	0.0230172793936428	258.976537168717	2084.10383374175	440.914403288104	0.0570577375616042	7.71217313837728e-007	-1.58104287542801e-010	1.51892093383512e-009	0.839999945720088	-9.35554444557207e-018	1.15728120555243e-008	0.600000121939736	-0.000107251708784885	2.30019129881253	-2.82940381434968e-005
119552.8448	6375.38316863845	0.0110171054065661	213.902467737597	2070.14434647314	528.70718041377	0.0825872806430221	4.13366895621685e-008	6407.97586533411	0.0110385994628915	215.380077265054	2082.8347934276	529.69100466122	0.0823845262847822	7.1510898762016e-007	-2.05238926605339e-010	3.69422528973439e-009	0.839999987303341	1.71811515279528e-015	1.22717769732731e-008	0.600000119709126	-0.000106360644470902	2.2931246385423	-2.80668993665841e-005
121420.858	6463.34236130631	0.00547486709586654	178.175540663709	2053.79096510644	624.732632593354	0.11622920888918	6.34873613343728e-008	6495.84531287418	0.00548507905651472	179.395194300907	2066.32540381145	626.095985544542	0.116005289440022	4.37594132175487e-007	6.58283325727168e-011	-7.07344100493845e-010	0.839999925783426	-1.88349115542317e-016	7.49148857191143e-009	0.600000116876768	-0.000105402073167135	2.28649394150735	-2.78199719423133e-005
123288.8712	6551.29951151652	0.00281869805257731	148.792679805881	2024.74756155606	727.093153627453	0.159695302543779	9.47771847013026e-008	6583.72907302795	0.00282372365876274	149.800939136954	2037.03465991249	728.889619744759	0.15946582696463	3.50716458985899e-007	-3.18168261677905e-011	-1.03523999098995e-009	0.839999901071998	-2.21323604196717e-016	6.00484884914735e-009	0.600000115061905	-0.000104380470787537	2.28028509029098	-2.75545670323536e-005
125156.8844	6639.2548406845	0.00150044924038986	124.617449363519	1985.29448709221	834.643310684091	0.214614769889612	1.37816169213469e-007	6671.62565800098	0.00150301108967195	125.452871460123	1997.26139429745	836.915012044896	0.21440019091691	6.32358411073928e-007	-9.02124342144768e-011	-7.21281035890131e-010	0.839999939426813	8.55844442562463e-017	9.17262134524657e-009	0.600000121544866	-0.000103307881530518	2.27446751638341	-2.72741257553071e-005
127024.8976	6727.20862509014	0.000823234714048845	104.664702743291	1937.40627234292	946.392100327438	0.282750920322455	1.95718850542853e-007	6759.53304326304	0.000824585059212652	105.358680361559	1948.9969454025	949.170211700539	0.282575612505831	7.09656937650352e-007	9.05900374916477e-011	1.82448549716721e-010	0.839999970255992	1.72974480033767e-016	9.93182238683978e-009	0.600000122802565	-0.000102198631377071	2.2690019350433	-2.69827292761582e-005
128892.9108	6815.16116791473	0.000463823069447407	88.1194003843314	1882.71596220036	1061.51971833006	0.366061163974293	2.72225983856767e-007	6847.44921493729	0.000464556992186536	88.6972703100594	1893.88855417724	1064.82597154813	0.365952527171696	7.99804975724276e-007	8.70626283641711e-011	2.23829638673579e-009	0.840000000446144	4.58051880149941e-017	1.07904816426455e-008	0.600000122717844	-0.000101066198263905	2.26384608551468	-2.6684220965244e-005
130760.924	6903.11270905486	0.000267325259723411	74.3251002697799	1822.53908932846	1179.36497703793	0.466768723139706	3.71868511945321e-007	6935.37237885261	0.000267735187026115	74.8072553247135	1833.26322018381	1183.21344326298	0.466756370936954	6.6198012341015e-007	1.88554587188104e-010	-1.1891961927406e-009	0.840000004349017	-2.80847963700367e-018	6.85628036114338e-009	0.600000119771206	-9.99219229900446e-005	2.25895827063946	-2.63818361845602e-005
132628.9372	6991.06346062302	0.000157018236176264	62.7603840880719	1757.9212215248	1299.40126404954	0.587447584633491	5.00201274780666e-007	7023.3010564626	0.000157252702014891	63.1632596498576	1768.17552534606	1303.80001725162	0.587562574357637	8.14395344549561e-007	1.0962642034605e-010	2.95339802557899e-009	0.840000049022693	1.42453239171598e-017	8.91734211978503e-009	0.600000121646903	-9.87747342063255e-005	2.25429916452145	-2.60781329786131e-005
134496.9504	7079.01360291453	9.36524607136095e-005	53.0133562503969	1689.68922907527	1421.21067132787	0.731125372151151	6.6408188987914e-007	7111.23409471757	9.37893009766077e-005	53.3502505113248	1699.45932210831	1426.16320290657	0.731399410144533	1.01071893843154e-006	-4.61604062647896e-011	5.29295635083516e-009	0.840000048209375	4.65336956933497e-018	8.1539740873228e-009	0.600000122925431	-9.76313860325623e-005	2.24983248888757	-2.57750517583847e-005
136364.9636	7166.96325986794	5.65283623886925e-005	44.7586811890108	1618.49742223791	1544.46067920157	0.901411867200565	8.72086449067594e-007	7199.17057744439	5.6609566274473e-005	45.0404131162709	1627.77428324784	1549.96702589465	0.901876355179931	1.34523100677298e-006	6.64838070254206e-011	5.04438699896098e-009	0.840000079233803	4.51975538053707e-018	1.04574229983584e-008	0.600000124918361	-9.64968332970942e-005	2.24552502359655	-2.5474025836033e-005
138232.9768	7254.91252602167	3.44178271481947e-005	37.7385571061313	1544.86579171645	1668.88479113231	1.10266429931157	1.13504884326417e-006	7287.10980656848	3.44666575787543e-005	37.9739844162403	1553.64450778658	1674.94241128718	1.10334906241189	1.51722964975625e-006	-5.08362123531922e-011	4.40547322258048e-009	0.84000008168122	-2.47458830920261e-018	8.46521285847463e-009	0.600000122633361	-9.53746308912609e-005	2.24134625609075	-2.51760915682824e-005
140100.99	7342.86146560448	2.10723824339896e-005	31.7476135561354	1469.21042411923	1794.26700195169	1.34020508440597	1.46681559520008e-006	7375.0512412381	2.11020339850609e-005	31.9440364136932	1477.48922112405	1800.87144792588	1.34113656849143	1.81686757477459e-006	-1.72132331101245e-011	1.28512707342396e-009	0.840000062213911	1.165006844814e-019	8.16930030526771e-009	0.600000124046131	-9.42672392141331e-005	2.23726784933614	-2.48819773930813e-005
141969.0032	7430.81014756482	1.29337285616346e-005	26.6211875888684	1391.86724157372	1920.42950757378	1.62061475428793	1.88531117574073e-006	7462.99449485199	1.29518464953135e-005	26.7846627373024	1399.64674689614	1927.57493532404	1.62181334641247	2.27300834152666e-006	-1.45915388931369e-011	2.60095155473752e-009	0.840000073981693	1.24204087439471e-019	9.09070420787235e-009	0.600000125223213	-9.31762892931594e-005	2.23326301836292	-2.45921807632692e-005
143837.0164	7518.75859832003	7.93360500442106e-006	22.2263207959194	1313.11044810176	2047.22283599465	1.95213363910479	2.4140376420091e-006	7550.9392631061	7.94470137347604e-006	22.3619060902997	1320.39312805988	2054.90239634054	1.95360960714314	2.71460100032342e-006	4.22848678064579e-011	-6.74623155991788e-010	0.84000008096728	5.53844996986248e-020	7.750800100696e-009	0.600000124267084	-9.21027873185642e-005	2.22930585186766	-2.43070219760643e-005
145705.0296	7606.70685598874	4.84798629960195e-006	18.4548642532989	1233.16681042785	2174.51792603012	2.34522431607647	3.08430762165903e-006	7638.88534741407	4.85476734686936e-006	18.566809733844	1239.95654108712	2182.72406091113	2.34697152352455	3.41112725785378e-006	-9.70331232050289e-012	-8.30824419851828e-010	0.840000075988614	-5.99222434564892e-020	7.69706737480066e-009	0.60000012414359	-9.10472451143705e-005	2.22537056923995	-2.40266863471403e-005
147573.0428	7694.65495074297	2.94107957077846e-006	15.2182057071491	1152.22706565343	2302.19918030885	2.81337458012987	3.93852000582664e-006	7726.83262384516	2.9451903640589e-006	15.3101036360226	1158.52880509417	2310.92385634265	2.81536063761698	4.21396149744344e-006	9.12378007239062e-012	1.92004430367813e-009	0.8400000871163	-1.329530427492e-020	6.7594985522858e-009	0.6000001242013	-9.00097719642246e-005	2.22143069390414	-2.3751249817363e-005
149441.056	7782.60289399179	1.76466362469748e-006	12.4432166104451	1070.45518438706	2430.15807583965	3.37427085694678	5.03519665034729e-006	7814.78102928144	1.76711554261637e-006	12.5181200363574	1076.27472605177	2439.39297119685	3.37642136952658	5.30548897361312e-006	-2.06479394456529e-012	5.42585474775656e-009	0.840000126541619	-3.72293037741144e-021	6.5956403455878e-009	0.600000124740235	-8.89901439262921e-005	2.21745807948724	-2.34806981531642e-005
151309.0692	7870.55067463841	1.04267933251079e-006	10.0691251815156	987.996386373337	2558.28651573329	4.05155593696576	6.45687683366969e-006	7902.73055456382	1.04409962144776e-006	10.1296422027034	993.340173290398	2568.02317936138	4.05372880956917	6.71763022289902e-006	-4.21332333912832e-012	5.86730745077813e-009	0.840000132840647	4.50599704925737e-021	6.39164897219268e-009	0.600000125232915	-8.79878043754931e-005	2.21342170494019	-2.32149321776051e-005
153177.0824	7958.4982817092	6.03619987920803e-007	8.04508854194397	904.984679182442	2686.46902118448	4.87753740172625	8.32290206492763e-006	7990.68127631005	6.04400150395022e-007	8.09345775188044	909.859668796411	2696.69902221391	4.87947986512507	8.56538365791873e-006	-9.31329747210445e-013	3.95288211626245e-009	0.840000120165425	1.15735753507318e-021	6.11973484236855e-009	0.600000125501986	-8.70018400395503e-005	2.20928610196718	-2.29537633811864e-005
155045.0956	8046.44569580049	3.4026280492109e-007	6.32829671195016	821.550962922503	2814.572210664	5.8974953956596	1.08108751110817e-005	8078.63337286308	3.40648068394457e-007	6.36644798144103	825.964535443845	2825.28730326186	5.89877004998169	1.10350992708748e-005	4.19389281381471e-012	4.34538680692722e-009	0.840000114281114	-1.41396285499877e-016	5.87559857213393e-009	0.600000125883966	-8.60308854253522e-005	2.20500920712192	-2.26968914431975e-005
156913.1088	8134.39286689216	1.85325222289739e-007	4.88248020692016	737.833116433963	2942.42908877351	7.17678832107712	1.41941341386573e-005	8166.58715994802	1.85469279157899e-007	4.9120839756703	741.793024927153	2953.62143543433	7.17664146022651	1.43962667197749e-005	-5.41075295408156e-012	5.57023090859042e-009	0.840000118387792	-7.42077871355902e-016	5.6226965255889e-009	0.600000126167006	-8.50729369168431e-005	2.2005393007153	-2.24438546234565e-005
158781.122	8222.33971698409	9.65525887762554e-008	3.67672534814969	653.99056617051	3069.81344272733	8.81307308979588	1.89105039880544e-005	8254.5431796096	9.6551733484202e-008	3.69923284053363	657.504929833087	3081.47596333158	8.81019058188037	1.90780661290892e-005	1.94513465764706e-011	4.86787113111832e-009	0.840000117091103	-8.06621906658762e-016	5.34056961494554e-009	0.600000126449486	-8.41249570686629e-005	2.19581048331055	-2.21939296609462e-005
160649.1352	8310.28610900523	4.74765261837406e-008	2.68452324057596	570.228201398912	3196.3948162946	10.9583501753675	2.56955179021869e-005	8342.50235879802	4.73907055505316e-008	2.70119952690018	573.305554092083	3208.52182184371	10.9503833486571	2.58205760327706e-005	7.64224468536451e-012	2.61290164113986e-009	0.840000107556065	4.41947594646439e-016	5.17890539173623e-009	0.600000126746191	-8.31821283164304e-005	2.19073578826909	-2.19459286787923e-005
162517.1484	8398.23180478075	2.16298110791722e-008	1.88299022568446	486.839846265649	3321.6538055376	13.8609518982696	3.58578957558639e-005	8430.46633868863	2.14953293739028e-008	1.89494144264811	489.48926297837	3334.24225857386	13.8435470550415	3.5902572963381e-005	-2.56091624052812e-012	1.37080564743879e-009	0.840000100621757	-6.33997731314194e-016	4.84165942979449e-009	0.600000126886201	-8.2236283192813e-005	2.18519648583826	-2.16977711563973e-005
164385.1616	8486.17637444249	8.89415431245302e-009	1.25219686474587	404.294326195134	3444.71172843267	17.9504271879135	5.18933793201067e-005	8518.43819411802	8.73344269679064e-009	1.26039284450955	406.525676905354	3457.76395199537	17.9151243788281	5.18065973426162e-005	5.23093861063594e-012	2.93555557826136e-009	0.840000109702217	-4.77465380825842e-017	4.67138601458852e-009	0.60000012710284	-8.12725243976653e-005	2.17902558024495	-2.14455409881533e-005
166253.1748	8574.11894713183	3.17870238303065e-009	0.774508178431151	323.418373251044	3563.96631518119	24.0194693618012	7.89696654393205e-005	8606.42400446611	3.00472492929116e-009	0.779801299657551	325.242811567577	3577.4961294593	23.9489318608311	7.86150233972574e-005	3.21064826185329e-012	4.16343522301776e-009	0.840000112861648	4.31384704657912e-016	4.48818574402045e-009	0.60000012726748	-8.02616471999516e-005	2.1719845286589	-2.11813295360595e-005
168121.188	8662.05772713343	9.36742496214299e-010	0.433697502245293	245.800592584091	3676.28533957352	33.6269371596303	0.000128800462176221	8694.43631614903	7.29348312156316e-010	0.436838571255228	247.231592216978	3690.33182419148	33.4841541973493	0.000127845944036752	-1.14762513364599e-012	4.42790172226132e-009	0.840000116562426	-2.15518998410106e-013	4.22209510021608e-009	0.600000127348687	-7.9143724127635e-005	2.16374386260678	-2.08884826493329e-005
169989.2012	8749.98925131616	2.14498062833125e-010	0.213126774259751	174.61562054493	3775.362049805	49.9196748672364	0.000229897079903715	8782.49931419516	2.76930678146012e-010	0.21477844581356	175.671970349493	3790.01313713713	49.6285672562273	0.00022751541741397	-4.35497141822426e-012	6.96246853977658e-009	0.840000122333826	1.82505922911633e-012	4.7380524178302e-009	0.600000127528902	-7.78053466420305e-005	2.15394081358726	-2.05347463485427e-005
171857.2144	8837.90972337883	3.79534446365878e-011	0.0914227082153608	115.489380836856	3850.00025951674	78.4872094986026	0.000448839422605293	8870.63944025801	-8.19004782806337e-011	0.0921652901420197	116.206236003783	3865.3793080661	77.9362609942399	0.000443167948808631	7.17276826427741e-013	6.43783401792969e-009	0.840000124485051	4.80983068885909e-013	5.13965306329566e-009	0.600000127464204	-7.61349716906244e-005	2.1425730387726	-2.00873170113036e-005
173725.2276	8925.82414771634	6.1627571857537e-012	0.03721321217689	74.0549531781247	3889.03789077946	124.892568737686	0.000896436370299502	8958.82148322802	-1.76604507041546e-010	0.0375091945514479	74.506243213167	3905.11184836346	124.065819842714	0.000885311111932644	-6.26117244506495e-013	6.84090142007677e-009	0.84000012342849	5.5768903674986e-015	5.57121301769591e-009	0.600000127035286	-7.43296129367384e-005	2.13077581818624	-1.96000521948797e-005
175593.2408	9013.7462902417	1.20570661301586e-012	0.0164834707053583	49.3218441500271	3894.58625285716	188.056340251631	0.00165515361356357	9046.94874727054	-1.82181196288431e-010	0.0166047078187979	49.6064422593923	3911.04715986807	187.128124651536	0.00163809883095979	-9.2079903710472e-013	8.36440554951274e-009	0.840000122097201	5.97773918868259e-016	6.85872634479196e-009	0.600000125747917	-7.28278004646142e-005	2.12028594182375	-1.91951650907919e-005
177461.254	9101.67934107691	3.15967710170299e-013	0.00840436102098222	35.1476633986329	3878.99939523924	261.789382739486	0.00272395846525406	9134.99798122424	-1.8301224659901e-010	0.00846105511336713	35.3390289548041	3895.53688146229	260.948108697554	0.00270092201291414	7.61687357001096e-013	1.2572946563065e-008	0.840000117930403	4.49848685053722e-016	1.03103664630219e-008	0.600000122296364	-7.16944976892643e-005	2.11174168773069	-1.88906983278157e-005
179329.2672	9189.61858756418	1.06574052867097e-013	0.00484715242799255	26.5998784573	3852.15869811983	341.148461267619	0.00406620571072472	9222.99895088725	-1.83527006758598e-010	0.0048775464664418	26.7378708033185	3868.59546775186	340.501949568632	0.00403216536043624	1.18336891695044e-012	2.47408608180915e-008	0.840000105628099	-9.46990226760964e-016	2.03060229775363e-008	0.600000112301039	-7.0781736189759e-005	2.10485489924564	-1.86460692090729e-005
181197.2804	9277.55883709975	4.33619790195667e-014	0.00306537265110129	21.0628736678112	3819.29782188771	423.515564941499	0.00564849158217262	9310.97382483548	-1.83457018810194e-010	0.0030835081445585	21.1680247797287	3835.54662764314	423.115764735101	0.00557228455841725	8.05934977107102e-014	6.81808374124041e-008	0.840000062017185	2.39045802283955e-016	5.57813947048365e-008	0.600000076829012	-6.9984435762301e-005	2.09919262036772	-1.84326098513218e-005
183065.2936	9365.48788014961	2.02278205666885e-014	0.00207381844884551	17.2420258919273	3783.00932604066	507.587534606996	0.00744661548249981	9398.92514527342	-1.81947239295345e-010	0.00208553102817504	17.3254829730322	3799.02754430706	507.459228492851	0.00713451953182619	1.24804156381452e-013	2.80227655666073e-007	0.83999985011367	4.93802969782295e-015	2.22032171448653e-007	0.599999910577341	-6.9252802099233e-005	2.09442134513989	-1.82364222701241e-005
184933.3068	9453.31849949803	1.04255283981812e-014	0.00147558482129416	14.470125189152	3744.65622390207	592.624868745248	0.00944141934469083	9486.78673664385	-1.80639041084283e-010	0.00148360778716625	14.5384003793565	3760.42605825823	592.784032679962	0.00783940609761832	-6.36844216632084e-014	1.82708243662411e-006	0.839998303370203	2.46838217948274e-014	1.15765120972457e-006	0.599998974954221	-6.85804892257361e-005	2.09031412488185	-1.805101892213e-005
186801.32	9540.00156280894	5.5266718814255e-015	0.00109412642536645	12.3944974903985	3705.28712554643	677.402971574023	0.0115904686958059	9577.54648982017	-1.75563349132229e-010	0.0010998187003846	12.4511329524874	3720.64454984611	677.88537051142	2.16405907290216	1.93405384741365e-013	2.0006186586663e-005	0.839980124372425	4.67771877786982e-014	-3.19396424785111e-005	0.600032072251321	-6.74410450930196e-005	2.08674656954107	-1.75282209887462e-005
