0	1001.04409788046	18.9948538411123	0.18302189257424	0.324099100443293	0.0200985897612869	1.33476342064993e-006	9.98081757713287e-012	1001.09479237841	18.9999994782019	0.178009410544431	0.324016529967471	0.0200001710931153	5.2291356644604e-007	8.8445547950266e-010	0.23999999997348	9.99999990406814e-008	0.600000000026519	9.9999999999999e-013	9.99999990406814e-008	0.6	-0.0202859665291516	2.36558702249472	-0.0084309337713758
14.6951752735241	1032.52491758582	0.0123081787378872	0.343595812667442	37.6763221843896	163.114860401774	0.482317451931413	1.14199609364111e-006	2992.99596144387	1.64485995660474	1.64753026117792	49.5236759421736	38.2008751245068	0.137091653098491	2.59745151270211e-006	0.232549094871937	9.99593325552438e-008	0.607450905168676	9.79754246341173e-013	9.99593537047037e-008	0.600000000040665	-0.0681715151692637	2.16566480566764	-0.019240198176276
29.3903505470483	1162.10765585282	0.00243933318153706	0.140221221832093	26.3463236716375	352.506332373585	5.71090258278756	4.54229985884244e-005	4474.70613090956	0.118797045512627	1.57229737652307	58.7134045168718	179.504905097012	4.93612412372734	4.81334739464823e-005	0.224644150451021	9.99187425418443e-008	0.61535584963017	9.47443848418053e-013	9.99190517994866e-008	0.600000000081	-0.093344728333749	2.0958741470386	-0.0158271450035666
44.0855258205724	1357.95614772129	0.00193775445082842	0.16253377735482	33.0178492641888	479.257849730611	30.6908897243975	0.000657225696773074	5598.20674534716	0.00847328408065033	1.28786956475873	48.0443150737908	397.491912983487	57.6639155768794	0.00130853671308877	0.217006476716756	9.98811864947801e-008	0.622993523402004	9.090308313314e-013	9.98950119826507e-008	0.600000000105074	-0.122109804445275	2.04993463764693	-0.0142252308457977
58.7807010940966	1600.30349809765	0.0018330727557815	0.191888787802956	39.1016957380093	578.613723147628	50.3783254126925	0.00114870664000132	6456.7038289574	0.000610468717028225	1.01078935403363	37.5101786732776	681.736068172743	199.409589521175	0.00555330109790802	0.209628503031173	9.98581772658394e-008	0.630371497110613	8.68845614676677e-013	1.00068863524297e-007	0.59999999993123	-0.125083348550489	2.04454541851313	-0.0131842154861581
73.4758763676207	1859.87448511363	0.00105419827434891	0.119420743867776	29.9616018975287	680.002216352681	64.6267727010179	0.0013777493266311	7197.53482632093	5.66530947739222e-005	0.753984023132107	28.558531882673	1034.81310500041	356.87659442127	0.00986193441339046	0.202501165270249	9.98493627647727e-008	0.637498834880248	8.37939946349616e-013	1.00787590332076e-007	0.599999999212541	-0.111664470780124	2.048503310015	-0.0116482577675357
88.1710516411448	2118.26015710014	0.000522984540990185	0.0703970242437809	19.6705125842351	767.258026345648	89.207330568758	0.00194436008130212	7917.76042901903	1.67829802767471e-005	0.519137608407957	20.6385943521731	1399.02665191684	518.147853543882	0.0142781433611416	0.195615914216239	9.9862793098676e-008	0.644384085920857	8.06013227984661e-013	1.02311433907465e-007	0.599999997688709	-0.0981465790123911	2.0493352079757	-0.0101322367721311
102.866226914669	2372.74333025745	0.000259289452699502	0.0485343359532675	12.5499394049984	839.49880269819	125.593013918947	0.00291232329236373	8633.82348706398	1.17247587672598e-005	0.331748026955685	14.1778180670461	1736.96032903738	694.678880694668	0.0195069892941728	0.188964635761802	9.99187917608546e-008	0.651035364319231	7.78111106354952e-013	1.0498215708318e-007	0.599999995018017	-0.0867289484849745	2.04807887944074	-0.00891348049227174
117.561402188193	2624.69477417502	0.000137026134709073	0.0378567555948589	8.3109304007187	900.359056139314	172.231033011489	0.0042742146645449	9340.37210173234	9.16072201369995e-006	0.202280798813947	9.51373582992713	2035.62185830891	889.765981246451	0.0258317671755299	0.182539451080671	1.00047633926105e-007	0.657460548871525	7.47695499038314e-013	1.09382007290234e-007	0.599999990618193	-0.0773035594025165	2.0462429550962	-0.00796358032233717
132.256577461717	2875.51550098755	7.8157144049494e-005	0.0313665197053591	5.8144538251528	953.132056124752	227.669504940742	0.00602121357533526	10031.4020319328	7.22865045536301e-006	0.122440498979263	6.48287574052693	2293.35616822823	1101.57896990324	0.0332578582914901	0.176332708132695	1.0028929934754e-007	0.66366729157789	7.22303699257738e-013	1.16445484789856e-007	0.599999983554749	-0.0695064189519658	2.04437878096425	-0.00721731111446308
146.951752735241	3126.12435781394	4.77305321298126e-005	0.026831845721921	4.28027551052961	999.61397906593	291.068575690215	0.0081596512994252	10703.1620113614	5.76895282667377e-006	0.0769096742398345	4.64917022798274	2512.89287990494	1326.98756573158	0.0416581592979036	0.170336994814759	1.00696315723816e-007	0.669663004488939	7.00764214838428e-013	1.27658829694331e-007	0.599999972341422	-0.0629937497626931	2.04260790115084	-0.00662154369249238
161.646928008765	3377.04935370436	3.08443519940893e-005	0.0234265323751547	3.28570761377328	1040.61596468617	361.959973405073	0.0107088168742405	11353.8356475863	4.66330326930088e-006	0.0519791092768844	3.57384387754557	2698.19808515881	1563.02985934394	0.0508334103417012	0.164545142540754	1.01338251904633e-007	0.675454856120995	6.77703481423692e-013	1.45477135966953e-007	0.59999995452314	-0.057493670543542	2.04093429671024	-0.00613725476441147
176.34210328229	3628.56458293906	2.08684877601499e-005	0.0207578130558357	2.60756054359145	1076.4781438874	440.037502904522	0.0136964941979383	11982.8921915253	3.81340266680159e-006	0.0383186720638154	2.93452218802861	2853.22578042485	1807.26758103385	0.0605036895935681	0.158950222874163	1.02310145948758e-007	0.681049774815672	6.53495117255118e-013	1.74177907697107e-007	0.599999925822389	-0.0528006222220592	2.03933817635196	-0.00573666273163037
191.037278555814	3880.79452714908	1.46553168941349e-005	0.0186033882762165	2.1242206323266	1107.34459916138	525.051530233444	0.0171557748987823	12590.5599520178	3.14876887742918e-006	0.0304981500164926	2.53161243528648	2981.50655864934	2057.80923992774	0.0702347977571514	0.153545541348034	1.03744659843233e-007	0.686454454907303	6.30387901041344e-013	2.21581812313016e-007	0.599999878418513	-0.0487594133696804	2.03779951259495	-0.00540007718769652
205.732453829338	4133.77933155728	1.0610423653123e-005	0.0168241310289916	1.76636614846261	1133.29190635972	616.762750208866	0.0211231043579603	13177.487472045	2.62078402417902e-006	0.0256531387521473	2.25385444855578	3086.06842543394	2313.24295504578	0.0792760570896648	0.148324630349068	1.05832792110532e-007	0.691675363817809	6.07979038899277e-013	3.02354027778034e-007	0.599999797646319	-0.0452512894886214	2.03630281861662	-0.00511337427118384
220.427629102862	4387.51210221051	7.87734500913122e-006	0.0153274598554357	1.49264921894936	1154.38517489538	714.925503918503	0.0256372452718274	13744.5474236426	2.19571373884574e-006	0.0223584122955449	2.0430329629904	3169.47292918811	2572.54794041968	0.0863103732297275	0.143281241782488	1.08861495116645e-007	0.696718749355654	5.8759277565865e-013	4.4319479694836e-007	0.599999656805574	-0.0421838580288448	2.03483704541328	-0.00486622685461533
235.122804376386	4641.95982967554	5.97171224188802e-006	0.0140491099063409	1.27736277838929	1170.69980612502	819.285027007022	0.0307388862073818	14292.7261171588	1.84966946099547e-006	0.0199211249020466	1.86962887477863	3233.88170585887	2835.00823454078	0.0893960988427937	0.138409339789675	1.13276420677729e-007	0.701590646933511	5.68504438115093e-013	6.85581281838412e-007	0.599999414419108	-0.039484143067902	2.03339444923248	-0.00465092826680698
249.81797964991	4897.07551133107	4.60704194420147e-006	0.0129430113397425	1.10392494475802	1182.32759930893	929.580455182987	0.0364707157348013	14823.0608411119	1.56533606374101e-006	0.018000215921542	1.71873612784039	3281.12368071264	3100.13743535928	0.0870940017749933	0.133703093624053	1.19804417973004e-007	0.706296886571481	5.51850522942889e-013	1.0691734131986e-006	0.599999030827	-0.0370937534195905	2.03196949431528	-0.00446161671603232
264.513154923434	5152.80557033931	3.60716033153381e-006	0.0119752668808393	0.961290938379557	1189.37614797806	1045.54952170298	0.0428778659009296	15336.6037250797	1.32988228209664e-006	0.0164195076765032	1.58268414738931	3312.75417567212	3367.6168485377	0.0808881885954622	0.129156870726326	1.29688610232463e-007	0.710843099585174	5.34142839361985e-013	1.59136483862912e-006	0.599998508635594	-0.0349654640978453	2.03055803889853	-0.00429375708663822
279.208330196959	5409.09460741408	2.8599783732486e-006	0.0111203809781247	0.84189443919871	1191.96575029986	1166.933101711	0.0500085766615578	15834.3947686152	1.13361235751322e-006	0.0150807780182155	1.4573815273058	3330.10478171091	3637.24699397525	0.074540477160877	0.12476523001342	1.45178868753937e-007	0.715234724807967	5.18570188490148e-013	2.21234661718228e-006	0.599997887653833	-0.0330607282034498	2.02915677390011	-0.004143790042416
293.903505470483	5665.88834602451	2.29201737282396e-006	0.0103588106139421	0.740423045330132	1190.22578374086	1293.4787880727	0.0579147905596183	16317.4385240905	9.6907381260756e-007	0.0139242511892557	1.34054580235209	3334.32477496198	3908.91102096079	0.069882101026892	0.120522915383918	1.70602454800661e-007	0.719477014014615	5.01912204050398e-013	2.92033103480428e-006	0.59999717966943	-0.0313478318515963	2.02776285681345	-0.00400888910856892
308.598680744007	5923.13514400935	1.8538212739102e-006	0.00967532349516725	0.65306492935119	1184.29142374092	1424.94319831676	0.0666526790002391	16786.6925041213	8.30455270684087e-007	0.0129104935093202	1.23084305034679	3326.41465062547	4182.5472040158	0.0660522388732787	0.116424849438104	2.14866091084755e-007	0.72357503569645	4.849884178697e-013	3.75055489185855e-006	0.599996349445592	-0.0298004889221214	2.02637368256512	-0.00388678472347184
323.293856017531	6180.7863958329	1.51131399206324e-006	0.0090578698020066	0.577031710709616	1174.30102297778	1561.0930700271	0.0762831051383932	17243.0637055617	7.13168819115617e-007	0.0120117815003068	1.12745854797066	3307.25301074516	4458.12823761014	0.0615302604766812	0.112466127407647	2.97762528316197e-007	0.727533674830376	4.69897630448035e-013	4.76393438093112e-006	0.599995336066125	-0.0283967590453318	2.02498674099219	-0.00377563502425829
337.989031291055	6438.79568704626	1.24052102528858e-006	0.00849678980184457	0.510248257724718	1160.39431371142	1701.70500539012	0.086871099717299	17687.4057191703	6.13553587939349e-007	0.0112077041499983	1.02987372777728	3277.61835962427	4735.6456399596	0.0553643351841835	0.108642011289641	4.6715315138832e-007	0.731357621557667	4.53306326741635e-013	6.03636774380052e-006	0.599994063632771	-0.0271182013847205	2.02359953392631	-0.00367393128626498
352.684206564579	6697.11520796403	1.02425731506539e-006	0.00798424890517695	0.451146853752498	1142.71189245521	1846.56266558086	0.0984811745733883	18120.5134188685	5.28663019034689e-007	0.010482738721367	0.937745977927043	3238.2072508907	5015.09669409857	0.0474692113145976	0.104947924178709	8.50223225173932e-007	0.735051325598317	4.37111052818565e-013	7.6587357519453e-006	0.599992441264793	-0.0259491864648365	2.02220957031774	-0.00358042831119941
367.379381838103	6955.68363688347	8.49999058485769e-007	0.00751383590319355	0.398529725753531	1121.39775591613	1995.44663343806	0.111156306751051	18543.1079437418	4.56111129130012e-007	0.00982482461236922	0.850845315871466	3189.65105947187	5296.46821189484	0.0385173947807938	0.101379444791005	1.82176120779894e-006	0.738618833447821	4.23672516047291e-013	9.73534937515799e-006	0.599990364651186	-0.0248762620403256	2.02081456007096	-0.00349409436003342
382.074557111628	7214.38263472635	7.08491434012522e-007	0.00708030155494639	0.351482398316228	1096.6120074583	2148.09787786023	0.124829377120963	18955.7830871077	3.93967186301293e-007	0.00922454180361699	0.769035132846681	3132.53766402347	5579.6989048493	0.0295484697000146	0.0979323021738731	4.61211838430774e-006	0.742063185708618	4.05885895654916e-013	1.23667441433015e-005	0.599987733256389	-0.0238873014439794	2.01941331768222	-0.00341408252509293
396.769732385152	7472.87045021901	5.92838818223919e-007	0.00667949436064535	0.309342892424113	1068.58249637939	2304.07825724086	0.138961241774702	19358.7993090989	3.40705128763593e-007	0.00867489311903595	0.69232500667026	3067.46085935461	5864.55068774916	0.0214466141534719	0.0946023705950401	1.3645572764122e-005	0.745384083832784	2.49122060335014e-013	1.55908500635937e-005	0.59998450915058	-0.0229694765707519	2.01800939426347	-0.00333974452530367
411.464907658676	7730.0120399342	4.97943186313325e-007	0.00630869387769016	0.271762219485843	1037.78467558318	2462.29279334746	0.15148896355919	19751.3446230467	2.95271267249296e-007	0.0081722083099094	0.621095337086118	2995.17282748572	6150.14929106377	0.0143873424737625	0.0913856646053472	4.46681296598187e-005	0.748569767265517	2.3818422620341e-013	1.92385603872738e-005	0.599980861440316	-0.022103975389877	2.01662249926912	-0.00327072775619306
426.1600829322	7983.06051377364	4.20069062294961e-007	0.00596689059453038	0.238730860348662	1005.20837992379	2620.30296001199	0.159500075288096	20130.0680710303	2.60841452245699e-007	0.00771772388228121	0.556344965356234	2916.88859366103	6433.97242105897	0.00831462418047947	0.0882783333501032	0.000137499526751218	0.751584272001501	7.18620915133452e-011	2.26997028871476e-005	0.599977400279727	-0.0212666543030534	2.0152943248565	-0.00320689533979384
440.855258205724	8229.69929392996	3.5605784244812e-007	0.00565236028943766	0.20997325238482	971.720842759862	2776.05757260307	0.166256667594272	20490.6019926943	2.2771444478819e-007	0.00731254471321203	0.498567350720146	2834.08847954358	6712.39096768594	0.00422267455819959	0.0852766635041793	0.000329857322606735	0.754393596891459	9.29399351139731e-011	2.5240216490251e-005	0.599974859797343	-0.0204635261914828	2.01402655962752	-0.0031477821836947
455.550433479248	8470.89270466184	3.02975555189099e-007	0.00536098146451998	0.184609134638525	937.104288549825	2930.32242076171	0.176508199626864	20833.0169524053	1.96745700682391e-007	0.0069494577354397	0.446449222506596	2747.60227419432	6984.20137351464	0.00212498279188357	0.0823770477329515	0.00061291348267102	0.757010146382779	6.78252206382791e-011	2.68067259796423e-005	0.599973293257524	-0.0197247721627332	2.01276438852753	-0.00309312512120328
470.245608752772	8708.40085851734	2.58515892273939e-007	0.00508880943762631	0.161856487004704	900.827056336464	3084.5471812891	0.190339915514749	21160.774450611	1.74152220998896e-007	0.00661817002421	0.398386740116423	2657.64790006407	7250.75002171741	0.00107762620164026	0.0795760318091277	0.000961440971702059	0.759462634817597	6.57795088216991e-011	2.77081607640064e-005	0.599972391824972	-0.0190583677448404	2.01147141563764	-0.00304267516822425
484.940784026296	8943.07601253755	2.21002293663815e-007	0.00483309623301308	0.141268791425266	862.646488073994	3239.38858475572	0.206633671327582	21477.2055313158	1.54146762229036e-007	0.00631109140503157	0.353544931994332	2564.27934861619	7513.76877912889	0.000504109217873938	0.0768702570956059	0.00136064194116213	0.761769208561645	6.35833815091214e-011	2.81837879325993e-005	0.599971916200319	-0.0184561389143109	2.01013695992201	-0.00299585020609324
499.635959299821	9174.75178722051	1.89211965380448e-007	0.00459215306352546	0.122640558257126	822.654040646638	3394.64353653288	0.2237409415214	21784.6080216769	1.36431105233784e-007	0.00602370396329449	0.311712842743906	2467.59771082666	7774.4915628336	0.000168465931104547	0.0742564851656695	0.00180961260794241	0.763934009824787	6.11326586152415e-011	2.83772408331303e-005	0.59997172274957	-0.0179065200014428	2.00876404029809	-0.00295204449951027
514.331134573345	9401.49363781104	1.6229026820657e-007	0.00436566891821317	0.10598886835919	781.465605252238	3548.69604841776	0.237499155680234	22084.248889808	1.20859500293335e-007	0.00575388386165068	0.273125330940908	2367.97939637714	8033.3360976607	4.98261190415262e-006	0.0717315877066048	0.00233091806377823	0.765937601828137	5.9062174571145e-011	2.83945552253526e-005	0.599971705437257	-0.0173970652551512	2.00737528827995	-0.00291079443066346
529.026309846869	9617.89019434429	1.39711167989879e-007	0.00415540983854232	0.0915820680116251	740.67934585869	3697.19582501219	0.240855097380771	22376.0738178934	1.07325386663105e-007	0.00550196246132908	0.238521626840124	2266.5331420327	8289.30136381155	3.35367702441873e-005	0.0692925427745455	0.00299276933946604	0.767714795484029	5.70591457586725e-011	2.83624961569571e-005	0.599971737498334	-0.0169140812355533	2.00602982022036	-0.00287186247142436
543.721485120393	9817.59944785335	1.20982110066772e-007	0.00396304555391576	0.0795513450593043	702.122691448122	3835.08422212917	0.236529926291626	22658.1631657577	9.57223685259185e-008	0.00526955857081328	0.208748140122525	2165.26987165811	8539.55440702426	0.000185488159999478	0.0669364311809617	0.0038797647691999	0.769183911648039	5.51346360174259e-011	2.84193313508039e-005	0.599971680665083	-0.0164537164027682	2.00478093433461	-0.00283520236371521
558.416660393917	10001.1230955027	1.05334205709378e-007	0.00378627396991777	0.0694042101914392	665.68323638864	3962.72479095627	0.236179389043198	22927.765858808	8.57024723508943e-008	0.00505535728194188	0.183480572269008	2065.73518286242	8781.13722277142	0.000309601579630368	0.064660432994499	0.00499461856435282	0.770345056039331	5.32563553079961e-011	2.86074743313449e-005	0.599971492523977	-0.0160318783037292	2.00359636597955	-0.00280070918926933
573.111835667441	10173.3530804327	9.20178215889907e-008	0.00362115595343745	0.0605185659904611	630.082590273196	4083.90122544942	0.242622803041878	23183.4518749033	7.6853344621247e-008	0.00485514155735678	0.161378479360529	1968.01182428956	9013.04469814759	0.000373146939657522	0.0624618241690623	0.00628245732105958	0.771255826108085	5.14796248743898e-011	2.88905378866889e-005	0.599971209462234	-0.0156628502370916	2.00241095204159	-0.002768481982606
587.807010940965	10338.0249515366	8.05107861740219e-008	0.00346478664792259	0.0525301991826921	594.407421065246	4201.42681580283	0.254125278728018	23425.4371804096	6.89010641214303e-008	0.00466519885856877	0.141337004643805	1871.47869258508	9235.94451004238	0.000399759672200832	0.0603379732821556	0.00769842849905986	0.771963705816937	4.97750048153169e-011	2.92317027173178e-005	0.599970868299153	-0.0153464580474642	2.00118424548205	-0.00273863721540047
602.50218621449	10497.0417126393	7.04684882133635e-008	0.00331536381868897	0.0452711727753476	558.242650623529	4316.66385002461	0.269164802047021	23654.8339905914	6.1696909927595e-008	0.00448325215904472	0.12283997428737	1775.51410310578	9451.11576606491	0.000407837485171708	0.0582863383860323	0.00921802886838397	0.772495740343699	4.80791880777699e-011	2.96100480671086e-005	0.599970489955579	-0.0150747066753277	1.99989772766859	-0.00271105969000592
617.197361488014	10651.0733168759	6.16552557048647e-008	0.00317181478752312	0.0386726960127504	521.491644070508	4430.02653658801	0.286595692127777	23873.0429077419	5.51585528447443e-008	0.00430799995194848	0.105741058277052	1679.69303343049	9659.82369240738	0.000405790540487826	0.0563044639650923	0.0108312232738153	0.772864420359114	4.64395082781363e-011	3.0014324258634e-005	0.599970085680923	-0.0148392053803957	1.99854326293923	-0.00268548435269835
631.892536761538	10799.7053643534	5.39108993785653e-008	0.00303371737708477	0.0327242678492882	484.343395624134	4541.10359900821	0.304539906979544	24081.4251463515	4.92283751661545e-008	0.00413872648560062	0.0900548825718105	1583.81874069457	9863.0358089258	0.000394471840153699	0.0543899779972765	0.0125414890108142	0.773068640590197	4.48652810471193e-011	3.04358927820486e-005	0.599969664114222	-0.0146354925505674	1.99712003525143	-0.00266159027037629
646.587712035062	10940.6926271258	4.71498187613682e-008	0.00290172879191658	0.0274775441783579	447.493989893276	4648.0730274648	0.318079405629497	24281.1436319611	4.38776525634409e-008	0.00397533579443429	0.0758798377179849	1487.9984758091	10061.1856080308	0.000365864027468935	0.0525405891143925	0.0143757506607798	0.773083767823056	4.33443655710639e-011	3.08598230130258e-005	0.599969240185595	-0.014467677387246	1.99564354500576	-0.00263901114693038
661.282887308586	11068.3701120008	4.13714584664418e-008	0.00277839675987341	0.0230612835731781	412.592609176376	4746.46777187648	0.318242155313213	24473.0529966304	3.91182096882696e-008	0.00381894643788103	0.0634174872195429	1392.89879578155	10253.7608269697	0.000304939634879625	0.0507540838608208	0.0164049192156281	0.772841104521834	4.18730252272603e-011	3.12514697164778e-005	0.59996884854044	-0.0143532321528026	1.99416755301226	-0.00261738156526758
675.97806258211	11175.1741895132	3.65762682940662e-008	0.00266691265524287	0.0195707732446808	381.748161388966	4830.40867877955	0.303947025730696	24657.5208002217	3.49945326171216e-008	0.00367236054211658	0.0529435573127939	1300.04934597881	10439.0514894603	0.000218209850039091	0.0490283240432512	0.0187251052984185	0.772246678256646	4.04542587847561e-011	3.15597460676691e-005	0.59996854026545	-0.0143083307997155	1.99277640482485	-0.00259675558883985
690.673237855634	11259.2196020282	3.26093961300238e-008	0.00256698997175932	0.0168623288003533	355.316220839025	4898.56825298943	0.288595530211953	24834.3932428534	3.14854170509604e-008	0.0035380818882448	0.0445256774818558	1211.36630220723	10615.1492885021	0.000140785591503644	0.0473612441722263	0.0213612463676886	0.771277617058388	3.90886918482695e-011	3.17617854578579e-005	0.599968338227437	-0.0143185713033624	1.99150427021606	-0.0025775911271961
705.368413129158	11324.8741224328	2.92389062328631e-008	0.00247544183848736	0.0146666693257864	331.873480576698	4954.51514345627	0.279258647880886	25003.4555357302	2.84732416645732e-008	0.00341557809920842	0.0378316147055748	1128.00382305956	10781.2311138369	8.78496186761462e-005	0.0457508489898328	0.0242584727142862	0.769990785894195	3.77566318901356e-011	3.18759433598764e-005	0.599968224070864	-0.0143586150432412	1.99031372538823	-0.00255988264226154
720.063588402683	11376.323207784	2.63051084021949e-008	0.00238978248745371	0.0128035263449508	310.188058040718	5001.56415821237	0.273150716584745	25164.720576929	2.5831076238022e-008	0.00330228094603826	0.0323801967984409	1050.10542706887	10937.4179625347	5.63382753192314e-005	0.044195211081577	0.0273633148475665	0.768441581669179	3.64777189946955e-011	3.19310398833925e-005	0.599968168975624	-0.0144202055211974	1.98915894259638	-0.00254330754295679
734.758763676207	11414.4522543218	2.37458257143511e-008	0.00230964597865679	0.0112167754621988	290.077025181924	5040.36099357813	0.263079271351714	25318.3660092732	2.34809440850701e-008	0.00319599189991527	0.027817853579849	977.374541118253	11084.0184196209	4.44047341527486e-005	0.0426924685697166	0.0306634865109471	0.766644152517672	3.52384358847149e-011	3.19547160407842e-005	0.599968145300706	-0.0145157145708688	1.98802907789355	-0.00252752051048765
749.453938949731	11436.3081454918	2.15717672963157e-008	0.00223689135146454	0.009939117359505	272.476461038503	5068.54244922254	0.240541568665374	25464.6666703242	1.93560431129314e-008	0.00309616977849254	0.0239918735075055	909.676043381619	11220.8807560938	5.19870908689212e-005	0.0412408228482361	0.0341945834189625	0.764564701291419	-2.98931973730006e-012	3.19767947911546e-005	0.599968123229686	-0.0146749822818159	1.98696596832478	-0.00251222846789385
764.149114223255	11437.4634136234	1.98004444357075e-008	0.00217390374042269	0.00901358406269471	258.682332257714	5082.650063364	0.20484001554413	25603.8372736492	1.52403434699855e-008	0.00300412642565783	0.0208933894799949	847.384457556496	11347.2088380866	6.83575373405925e-005	0.0398385365751873	0.0380100684379336	0.76215150254716	5.00430343476718e-012	3.20217458893734e-005	0.599968078273316	-0.0149196877538252	1.98604495850816	-0.00249756375224936
778.844289496779	11417.0251195677	1.83803779558953e-008	0.00212063465544791	0.00840278724202195	248.880163554636	5082.04028039314	0.165685236659613	25735.8796531921	1.38099038030611e-008	0.00292166784134987	0.0185208977416955	791.188138794964	11462.3053750213	7.76475777322358e-005	0.0384839313798083	0.0421183654785654	0.759397810701906	4.83872381907237e-012	3.20905814864878e-005	0.59996800943789	-0.0152309293346788	1.98530821616938	-0.00248412180183173
793.539464770303	11378.827912387	1.72032327284686e-008	0.00207435412128809	0.0079951006035162	241.864571983137	5069.75366248067	0.132273678790673	25860.8781562091	1.280756956051e-008	0.00284902193021736	0.0167771083483223	741.497573053484	11566.4557158174	7.82092326325588e-005	0.0371753859781646	0.046468077736866	0.756356643836841	8.33568895492781e-012	3.21688991095275e-005	0.599967931119127	-0.0155626707652321	1.98473069277071	-0.0024722269765526
808.234640043827	11328.456022406	1.61630967175945e-008	0.00203166464891919	0.00766990416172017	235.975497916101	5050.15180636078	0.107501533381992	25979.3721587706	1.39442941030285e-008	0.00278436234749771	0.0154858203689943	698.102071972879	11660.944878294	7.53270335385255e-005	0.0359113342578667	0.050985611554683	0.753103161724883	2.7092096622944e-011	3.22466984918146e-005	0.599967853318585	-0.0158753201205309	1.98424757860741	-0.00246167070907069
822.929815317352	11270.480489407	1.51902678621261e-008	0.00199004743602065	0.00734241723527117	229.921356660089	5026.76314124991	0.0899752639355097	26092.3407347761	1.29452379218063e-008	0.00272492498445849	0.0144630038686414	660.254160895114	11747.5194493631	7.18302992128347e-005	0.0346902632722016	0.0556100865511748	0.749699757729813	1.68282262326986e-011	3.23207788457786e-005	0.599967779241077	-0.0161510460769868	1.98379327033315	-0.00245200161033965
837.624990590876	11207.7049425416	1.42500896547249e-008	0.00194810519124264	0.00696990085625576	222.978629311168	5001.70934076534	0.0775045813989393	26200.9423308275	1.20280737916008e-008	0.00266819889921261	0.0135652641011794	626.933353768044	11827.9313055182	6.84903422982197e-005	0.0335107116583145	0.0603029872186328	0.746186408672401	2.59709564531738e-011	3.23906572048818e-005	0.599967709363296	-0.0163888653296496	1.98331875658141	-0.00244284634817594
852.3201658644	11141.5629735349	1.3329420489013e-008	0.0019052086020837	0.0065394287379827	214.848488851923	4976.02557866514	0.0684185893348987	26306.2628132745	1.16314596062603e-008	0.00261241816624422	0.0127008639696014	597.070610202936	11903.7389767404	6.54470503501594e-005	0.0323712675483124	0.065043337275069	0.742585502615312	1.90469074487573e-011	3.24565384209659e-005	0.599967643481347	-0.0165951157626926	1.98279191349151	-0.00243398791369909
867.015341137924	11072.6412814507	1.2425945754754e-008	0.00186114930930775	0.00605531265469659	205.483943364807	4950.07715082665	0.0616264264752627	26409.1848032606	1.21873476856427e-008	0.00255652391950441	0.0118210128673881	569.679346068389	11976.2461957372	6.26984037327445e-005	0.0312705673987769	0.0698211946013344	0.73890834537143	2.62307547858281e-011	3.25187555967684e-005	0.599967581263215	-0.0167776801094648	1.98219273002356	-0.00242531462885812
881.710516411448	11001.0361799285	1.15419911343338e-008	0.00181592523382442	0.00553058616290842	194.973678732375	4923.84614587466	0.0564354566639803	26510.3563231415	8.50187674287227e-009	0.00249995591641117	0.0109069174389193	543.915336632363	12046.4905797293	6.02162013473945e-005	0.0302072935586211	0.0746331390437059	0.735159675016729	3.82221599013826e-012	3.25776429333942e-005	0.599967522381128	-0.0169437719153628	1.98150867334041	-0.00241676942970753
896.405691684972	10926.5597518056	1.06815026929928e-008	0.00176962547346177	0.00498185607936004	183.475544789008	4897.09920005399	0.0524005491743534	26610.2080012731	7.07513973449308e-009	0.0024424590011649	0.00995881356691307	519.095032388481	12115.2543615929	5.79705160863895e-005	0.0291801736295763	0.0794795995507084	0.731340334619729	5.74916736954525e-012	3.26335094516996e-005	0.599967466516758	-0.0170994465482003	1.98073138191311	-0.00240832331174715
911.100866958496	10848.8527393753	9.84855256450127e-009	0.00172237259888086	0.00442630839129048	171.180808809813	4869.48007921681	0.0492289059036392	26708.9862306593	1.02370708876357e-008	0.00238394979784445	0.00898811033491855	494.692575497032	12183.0864059416	5.59344299712633e-005	0.0281879781588088	0.0843633403776703	0.727448789010779	3.06461302089114e-011	3.26866353162328e-005	0.599967413388292	-0.0172497120009879	1.97985458181774	-0.00239996354861322
925.796042232021	10767.4449934168	9.04672828038434e-009	0.00167429615277052	0.00387999460451038	158.295705001793	4840.55927704224	0.0467232121159239	26806.7873992295	1.06812981248411e-008	0.00232443634853698	0.00801211122305884	470.327353548065	12250.3286803037	5.40846696570466e-005	0.0272295195895859	0.0892886101959012	0.723481977814369	3.58783810777778e-011	3.27372733344006e-005	0.599967362751714	-0.0173987799961438	1.97887289781369	-0.00239168826067113
940.491217505545	10681.7873924228	8.27902801407968e-009	0.00162552323514268	0.00335688233913736	145.032302413266	4809.86000265612	0.0447476544615718	26903.5877378832	1.09154267563559e-008	0.00226397425402247	0.0070505161470918	445.748431102731	12317.1427356087	5.24012385776156e-005	0.0263036510195276	0.0942606584721691	0.719435798091441	3.39080670552152e-011	3.27856515550978e-005	0.599967314375013	-0.0175503047150793	1.97778126501607	-0.00238350356220265
955.186392779069	10591.268977081	7.54782949417589e-009	0.00157617791058931	0.00286835617962493	131.604127802197	4776.87183908533	0.043207254174502	26999.2676088497	9.20360799704373e-009	0.00220264588336876	0.00612307168518913	420.818978253308	12383.5338363054	5.08669414017807e-005	0.0254092643038581	0.0992854475265011	0.715305395941164	3.57082607573812e-011	3.28319758819059e-005	0.599967268052093	-0.0177075742593892	1.97657474443401	-0.00237542164457233
969.881568052593	10495.2275760713	6.85503127269868e-009	0.00152638738319415	0.00242298355618164	118.223780334155	4741.05903076858	0.0420348312872573	27093.6308115704	1.06315256899583e-008	0.00214055443786533	0.00524793890744208	395.501954193361	12449.3720525315	4.94668162682143e-005	0.0245452887067441	0.10436945520933	0.711085363958222	4.90722423422169e-011	3.28764323193076e-005	0.599967223595094	-0.0178736573330559	1.97524869743951	-0.00236745947334463
984.576743326117	10392.9596247533	6.20215206902755e-009	0.00147629173076014	0.00202645017578133	105.100797443166	4701.86797939106	0.0411825532596345	27186.4203098331	1.06343354561883e-008	0.00207782782000846	0.00444052482814887	369.847196361398	12514.4108464418	4.81876254399052e-005	0.0237106907254425	0.109519496864351	0.706769919887186	5.28535819424158e-011	3.29191886495e-005	0.599967180840557	-0.0180515094080939	1.97379926672681	-0.00235963773222341
999.271918599641	10283.7337297001	5.59047693693426e-009	0.00142605705532006	0.00168163223073825	92.4383826514257	4658.73769217511	0.0406161356027314	27277.3321604327	1.00383239335287e-008	0.00201462948219178	0.00371264068176914	343.979367595101	12578.304593746	4.70173179387905e-005	0.0229044705249939	0.114742511480954	0.702353125762406	4.58459378346836e-011	3.29603954241088e-005	0.599967139635975	-0.0182440415722477	1.97222417664006	-0.00235198033278946
1013.96709387317	10166.8120931832	5.02113133409782e-009	0.00137588864897542	0.00138875408212169	80.4279815481948	4611.11620863334	0.0403107006393435	27366.0296950133	8.36742870599529e-009	0.00195117359282986	0.00307192444285545	318.085676237205	12640.6272120385	4.59445319551831e-005	0.022125664021089	0.120045264441443	0.697829179674832	4.52628839483593e-011	3.30001861632989e-005	0.599967099847109	-0.0184541500871263	1.97052380529708	-0.00234451356807713
1028.66226914669	10041.4829103702	4.49509115650149e-009	0.00132604150989962	0.00114566960429472	69.2408465668664	4558.48551785682	0.0402476203218292	27452.1600660358	7.33256646302743e-009	0.00188774096634346	0.0025215403544517	292.401996066199	12700.8944677595	4.49580691974589e-005	0.0213733380749297	0.125433933909456	0.693192836171428	3.68002161809779e-011	3.30386767925396e-005	0.59996706136023	-0.0186846969359877	1.96870240028375	-0.00233726563181891
1043.35744442021	9907.10483143384	4.01304357154825e-009	0.00127682153422927	0.000948285160751688	59.0166984300494	4500.39523446289	0.0404122774949015	27535.3751036601	4.64063975653331e-009	0.00182468793392889	0.00206021581468076	267.195953029467	12758.5924667248	4.4046713041812e-005	0.0206465934026019	0.130913575410179	0.688439939349249	2.41363398212493e-011	3.30759644588384e-005	0.599967024073689	-0.018938458637655	1.96676895435629	-0.00233026595755583
1058.05261969374	9763.15874942748	3.57518336302601e-009	0.00122856876463835	0.000791065463622783	49.850895912382	4436.50138899012	0.040792756487775	27615.3569378025	-3.06289435034376e-010	0.00176244033483867	0.00168263492344822	242.7461692456	12813.213272612	4.31991492434902e-005	0.019944559698241	0.136487525335134	0.683568023950549	-1.87751225859469e-012	3.31121263286451e-005	0.599966987916472	-0.0192180252973678	1.96473730885724	-0.00232354344929652
1072.74779496726	9609.29531912338	3.1808968767895e-009	0.00118161795261148	0.000667687664549186	41.7836466110581	4366.60090794944	0.0413800651722719	27691.8468945885	-1.68792233040855e-009	0.00170146080782023	0.00138025110456882	219.318357774606	12864.2957242584	4.24044770040418e-005	0.0192663971317109	0.142156881610176	0.678576830241972	-1.76313155095993e-012	3.31472191628832e-005	0.599966952823572	-0.019525705353655	1.96262447813374	-0.00231712458617347
1087.44297024079	9445.35949643532	2.82846620960612e-009	0.00113624238068999	0.000571690622490094	34.7963587760737	4290.64740583856	0.0421698533535132	27764.6726575856	-2.01241743448346e-009	0.00164218866608302	0.00114242758002822	197.141291834907	12911.4648647813	4.16530354574671e-005	0.0186112937088609	0.147920273293158	0.673468541981898	-1.78381143171979e-012	3.31812807520869e-005	0.599966918761924	-0.0198634719852763	1.96044733953784	-0.00231103004934549
1102.13814551431	9271.37617205926	2.51503865177775e-009	0.00109260182649352	0.000497065715239696	28.819091025579	4208.7364935133	0.0431652548327386	27833.7666592947	-2.20777679050245e-009	0.00158496631616283	0.000957747452189323	176.387695169091	12954.4601712059	4.09372944213737e-005	0.0179784653637959	0.153774084793776	0.668247558826348	-1.72949823293618e-012	3.3214333703862e-005	0.599966885708911	-0.0202330102745467	1.95821844096293	-0.00230527135320636
1116.83332078783	9087.49666929192	2.23690466227583e-009	0.00105072464994773	0.000438654117153755	23.7483123154163	4121.06141804832	0.0443791457541352	27899.1697137275	-2.37088832839349e-009	0.0015299842725403	0.00081522680502902	157.164998594867	12993.1439256107	4.02521513135309e-005	0.0173671546907339	0.159713119307875	0.662919834985331	-1.69975439745374e-012	3.32463909640015e-005	0.599966853651593	-0.020635869719804	1.95594327422011	-0.00229984837875496
1131.52849606136	8893.92723553116	1.99000503002263e-009	0.00101053215044688	0.00039232347363386	19.4683662104741	4027.85624417482	0.0458351355233162	27961.0195763932	-2.50327089709375e-009	0.00147727148352506	0.000705191352138183	139.517613173374	13027.4884707537	3.95945843272568e-005	0.0167766300375379	0.165731447833259	0.657492031113103	-1.61768701211615e-012	3.3277461361466e-005	0.599966822581138	-0.0210736967932222	1.95362001114154	-0.00229474910173962
1146.22367133488	8690.86897307845	1.77042918131657e-009	0.000971889249944132	0.000354923541262075	15.8682216909784	3929.34968665607	0.0475669870273506	28019.5302071082	-2.61643546679724e-009	0.00142673356445631	0.000619691046489484	123.437818412797	13057.5496955767	3.8962699111743e-005	0.0162061846301873	0.171823111093056	0.651970813260798	-1.60132506294149e-012	3.33075534779402e-005	0.599966792488968	-0.0215484490832076	1.95124171405555	-0.00228995171967695
1160.91884660841	8478.48508939616	1.57470468832987e-009	0.000934648311412269	0.000324124851851646	12.8496061943176	3825.74123547898	0.0496182800194071	28074.9700854997	-2.7005503559614e-009	0.00137820977230165	0.000552510686465907	108.879793448516	13083.4378522311	3.83549734477644e-005	0.0156551357261872	0.177982503209206	0.646362470048607	-1.49577416018343e-012	3.33366773163147e-005	0.599966763365075	-0.0220625632756863	1.9487987681585	-0.00228542749090588
1175.61402188193	8256.89147776077	1.39986168033796e-009	0.000898671150978567	0.000298225441142222	10.3282494637966	3717.19580970593	0.0520433221701112	28127.6448641603	-2.77188047318177e-009	0.00133151944002517	0.000498938691536789	95.7724212702137	13105.2930972334	3.77698137381465e-005	0.0151228237983125	0.18420448767221	0.640672797513482	-1.44051502859084e-012	3.33648443978351e-005	0.599966735197942	-0.0226190563975336	1.9462803247465	-0.00228114345088946
1190.30919715546	8026.15814961006	1.24338041516808e-009	0.000863833642669541	0.000275984301383722	8.23218831203867	3603.84673184359	0.0549097466720441	28177.8855576982	-2.82885140582423e-009	0.00128648629117341	0.000455459530124707	84.0291488279786	13123.2675443822	3.72054442130104e-005	0.0146086117447217	0.190484386316277	0.634907110922995	-1.38695025605881e-012	3.33920671888152e-005	0.599966707975103	-0.0232216047060258	1.9436746016088	-0.00227706400774992
1205.00437242898	7786.31297186322	1.10311698547919e-009	0.000830024391409252	0.000256495012060361	6.49965143629071	3485.80030086649	0.0583023860424165	28226.0411546246	-2.35820199437964e-009	0.00124294661975046	0.00041946790281879	73.5550633313258	13137.512392826	3.66598936865278e-005	0.014111884046342	0.196817936581168	0.629070288196747	-2.15530587538317e-012	3.34183583688167e-005	0.599966681682697	-0.0238746268453163	1.94096876784201	-0.00227315162515264
1219.6995477025	7537.34478157246	9.77219391397362e-010	0.000797142013442757	0.000239094624211989	5.07729846850712	3363.13981424451	0.0623287228733383	28272.4743716579	-3.63737979806808e-009	0.00120075003642378	0.000389038388083692	64.2518584820235	13148.1683398273	3.61309993774733e-005	0.0136320463015276	0.203201249996173	0.623166812906478	-3.43117844816921e-012	3.34437300801259e-005	0.599966656310548	-0.0245833918817757	1.93814861232332	-0.00226936694485964
1234.39472297603	7279.20560209177	8.64123784793665e-010	0.000765092884598332	0.000223297796399764	3.91884871093879	3235.92891239649	0.0671262453625154	28317.5597207883	-1.86940183137235e-009	0.00115975794910485	0.000362750208575179	56.021274768147	13155.3579987751	3.56163810244188e-005	0.0131685241191426	0.209630776265671	0.617200809242745	8.80756539843917e-012	3.34681931371142e-005	0.599966631847009	-0.0253541618042663	1.9351981748514	-0.00226566858134869
1249.08989824955	7011.81205399662	7.62471592662705e-010	0.000733789145159573	0.000208748944945575	2.98401190502392	3104.21443207052	0.0728726245976364	28361.6834292946	1.75095947314929e-009	0.00111984153754339	0.000339556500619219	48.7674328424874	13159.1794686853	3.5113404364486e-005	0.0127207629135354	0.216103271844186	0.611176074746592	3.66292199596579e-011	3.34917561476141e-005	0.599966608281128	-0.0261943810385966	1.932099280358	-0.002262012602089
1263.78507352308	6735.04611663702	6.70987299340847e-010	0.000703146949664751	0.000195187139234581	2.23763821067362	2968.02898419205	0.0797998115659223	28405.2449809271	1.00720800540519e-009	0.0010808798549854	0.000318687233940796	42.3983660755403	13159.7003983501	3.46191127932564e-005	0.0122882266565181	0.222615773175756	0.605096109523856	1.62273672917916e-011	3.35144245128516e-005	0.599966585614106	-0.0271129240118935	1.92883098224957	-0.00225835179273087
1278.4802487966	6448.75528245712	5.88655066482267e-010	0.000673084679644458	0.000182420244641761	1.64903908541138	2827.39339711126	0.0882139852427644	28448.6602363377	6.87467633887625e-010	0.00104275810362768	0.000299577025202597	36.8269772827838	13156.9519988939	3.41301647251013e-005	0.0118703976629915	0.229165571435314	0.598964140247377	2.01289693607423e-011	3.35361992457083e-005	0.599966563839961	-0.0281204219765093	1.92536881770953	-0.00225463457945936
1293.17542407012	6152.75209288824	5.1458692028854e-010	0.000643521335123575	0.00017030583263821	1.19143858510408	2682.31915457065	0.098523919773447	28492.3662821795	2.13680491530031e-009	0.00100536611761116	0.000281811372147041	31.9715878308004	13150.9224826601	3.36428027980102e-005	0.0114667758476761	0.235750190559085	0.592783142933307	1.67184212427546e-011	3.35570756597563e-005	0.599966542965992	-0.0292296952807266	1.9216838818989	-0.00225080353310641
1307.87059934365	5846.81301145826	4.4796885936553e-010	0.000614374542536365	0.000158736943904618	0.841520087500273	2532.81097466443	0.111281823557082	28536.8284039392	4.54060997054452e-009	0.000968597129605248	0.000265086559525997	27.7562035947766	13141.549390595	3.31529472027099e-005	0.0110768781410166	0.242367367425113	0.586555863855517	3.36829722394296e-011	3.35770421032704e-005	0.599966522999538	-0.0304563311160777	1.91774155922151	-0.0022467933668001
1322.56577461717	5530.67648001089	3.87971443327418e-010	0.000585558670812081	0.000147631634953298	0.579055032695881	2378.86964845571	0.127242754599228	28582.5499512919	2.01899103584302e-009	0.000932346834744693	0.000249179810210477	24.11058943118	13128.7101977324	3.26566881631595e-005	0.0107002378826219	0.249015033236853	0.580284838298195	1.56270064060373e-011	3.35960793884382e-005	0.59996650396345	-0.0318194698870053	1.91349986699693	-0.00224252804491157
1337.2609498907	5204.03991540087	3.34068479395679e-010	0.000556982513360859	0.000136925198232202	0.386588347029342	2220.49531455162	0.147451865454546	28630.0864670574	1.14073657923657e-009	0.000896512947205511	0.000233927209366989	20.9702204751789	13112.2104340454	3.21517875128985e-005	0.010336404291154	0.255691296633721	0.573972408492786	1.51001042092749e-011	3.36141626947399e-005	0.599966485880676	-0.0333428961615236	1.90890716309264	-0.00223791664613384
1351.95612516422	4866.55516466754	2.85679355704133e-010	0.000528546633103771	0.000126564454952048	0.249171070986532	2057.69135424946	0.173373837122237	28680.0665418215	9.85638752834309e-010	0.000860995450412728	0.000219207600784598	18.2761605797185	13091.7683029838	3.16417095353223e-005	0.00998494190893657	0.262394427723785	0.56762073978482	1.4615451791612e-011	3.36312705301093e-005	0.599966468773355	-0.0350565955931877	1.90389894180102	-0.00223284710696683
1366.65130043774	4517.82150367721	2.42295769778462e-010	0.000500140341284001	0.000116503658637567	0.154129458344721	1890.46915888062	0.207087688479859	28733.2238723982	9.31917863159707e-010	0.000825697830790296	0.000204931131544237	15.9749060372291	13066.9943110601	3.11457205246471e-005	0.0096454300854477	0.269122842627207	0.561231836704889	1.41072320707275e-011	3.36474120554814e-005	0.599966452632326	-0.0369990570869253	1.89839322724762	-0.00222717630720267
1381.34647571127	4157.37438519874	2.03477948603401e-010	0.000471638129771618	0.000106701658374929	0.0908613431076167	1718.85419144706	0.251586209736454	28790.4489673214	8.97771486464259e-010	0.000790529510326999	0.00019103149788045	14.0182245583108	13037.363489224	3.072306116476e-005	0.00931746247316083	0.275875088146367	0.554807558798057	1.36071068735185e-011	3.36626997572397e-005	0.599966437345104	-0.0392208432545887	1.89228364656274	-0.00222071336215019
1396.04165098479	3784.66607748145	1.68845658547653e-010	0.000442895453263326	9.71201838620521e-005	0.0506533160462143	1542.89428841617	0.311253793433787	28852.8772051871	8.77361176060003e-010	0.000755408933791989	0.000177460865250562	12.3630148978269	13002.1755312803	3.05283946495277e-005	0.00900064654139553	0.282649825598933	0.54834963727735	1.31119591081749e-011	3.36775295961605e-005	0.599966422515727	-0.041790510720101	1.88542835562515	-0.00221318894296139
1410.73682625832	3399.0289737907	1.3808128992858e-010	0.000413744680657251	8.77237307518679e-005	0.0265126094706327	1362.67312552664	0.392673821711046	28922.0490241596	8.64444563107447e-010	0.000720263766932293	0.00016418602184338	10.9712106669387	12960.4913505594	3.09326646913063e-005	0.00869460310639864	0.289445812241244	0.541859694070058	1.26729095902117e-011	3.36930050867943e-005	0.599966407040682	-0.0448054935568941	1.87763063772848	-0.00220419122524299
1425.43200153184	2999.59580379797	1.10960325181558e-010	0.000384004048663538	7.84860952885396e-005	0.0130085148226434	1178.33964246822	0.506056964419408	29000.2300463358	8.76616062838731e-010	0.000685013600801554	0.000151181745735382	9.80974868776769	12911.0088870448	3.27701448171815e-005	0.00839896587762295	0.296261877912153	0.535339265627809	1.22810230722547e-011	3.37118872607598e-005	0.599966388158939	-0.0484160269511487	1.86860052794113	-0.00219300299123634
1440.12717680537	2585.08854197384	8.75215422315225e-011	0.00035361206052728	6.94416963207802e-005	0.00612214473299233	990.197071739476	0.667264353812935	29091.1610182516	9.04834655508022e-010	0.000649474713857008	0.000138407779228308	8.85059259159969	12851.722566464	3.7814865052335e-005	0.0081133810191699	0.30309690433654	0.528789824061578	1.18986405444222e-011	3.37406222521763e-005	0.599966359424365	-0.0528975884533026	1.8578646282399	-0.00217805329713552
1454.82235207889	2153.08200039782	6.94433126756412e-011	0.000324070395776979	6.11589088280609e-005	0.00318460686950659	799.041962202575	0.89030077440256	29202.4192614856	9.59567944250074e-010	0.000612866031840651	0.00012570178640309	8.07054378120648	12778.4944804562	4.99113104987239e-005	0.00783750672673142	0.309949992670184	0.52221261002047	1.15084296841891e-011	3.37937077046824e-005	0.599966306339317	-0.0590271308069295	1.84448119230743	-0.00215417313696558
1469.51752735241	1690.50805894976	9.45763366290975e-009	0.000460053336641976	9.93778192956924e-005	0.451881774384122	609.311427616868	0.823091698142451	29367.6341631525	1.0719674556511e-009	0.000568081330590431	0.000111764364129799	7.44395325034811	12667.0288214556	0.00014598501129481	0.0075710128175181	0.316839022203011	0.515590074406788	1.1174164291697e-011	3.39178120838175e-005	0.599966182235352	-0.104963053183044	1.80106751775076	-0.000851100763363309
