0	1001.04401029878	18.9994785281273	0.178515912781977	0.324009833840665	0.0199962799531989	5.54969621321181e-007	1.32883357003682e-012	1001.04916492594	18.9999999524208	0.178000238878427	0.324000383484612	0.0200000039141401	5.22900443698684e-007	8.84448810450762e-010	0.239999999997312	9.99999990406672e-008	0.600000000002687	9.99999999999997e-013	9.99999990406672e-008	0.6	-0.00210854980910309	2.46219382203133	-0.000900515974482679
163.6639	1225.52463234366	15.611062534453	62.3840600808627	105.471072655432	4.71458654065217	0.000129210048527777	-9.88570763857951e-012	2191.56647608794	13.2605303588226	121.903748984432	222.63555367997	7.09833189269221	0.000212073215131808	9.96252356014944e-006	0.225038811636971	9.954800292077e-008	0.61496122251694	-1.45212907192639e-013	9.95485786567591e-008	0.600000000597654	-0.0172615405276272	2.38206189922206	-0.003404337451686
327.3278	1545.31631990035	15.3486612039764	121.518768409318	203.646689479868	9.01009471423247	0.000243983905739822	-1.0307771901518e-011	2821.20217012712	13.8292859133848	254.91440577115	441.495921889204	17.2592543467142	0.000487350336324802	1.00745799553121e-005	0.209718881188419	9.89010657655848e-008	0.630281137748253	-4.18431375108637e-012	9.89393799558141e-008	0.600000002404463	-0.0148456054053156	2.3765932153383	-0.00254000583398361
490.9917	1878.1626559671	15.0703069034999	183.150876584528	305.547239768122	13.4531915713238	0.000362384684664857	1.36983151941794e-011	3298.95425354071	14.0070930714546	361.273140558653	613.568466690523	25.3257887658685	0.000697381673965114	9.53863287504486e-006	0.194399248552061	9.78489533123485e-008	0.645600658860971	-3.60778860309829e-012	9.8895221940379e-008	0.600000002359162	-0.0126250643561477	2.37361759498454	-0.00212406191889973
654.6556	2209.83027233254	14.7490729192894	244.830378697701	408.275083234724	17.9672719363204	0.000483674423710778	4.33032872921283e-011	3698.53928313739	13.9353731004703	449.194905966428	757.534257252549	31.9390280265764	0.000870808568078076	9.15422921373766e-006	0.179097372624727	9.74228278640936e-008	0.660902555774145	-3.26269248603635e-012	9.83984676392033e-008	0.600000002742682	-0.0108920735533965	2.37146769638778	-0.00186813250396694
818.3195	2534.70878176066	14.3696218702501	305.134135272794	510.130636101271	22.506236544992	0.00060735684654262	7.4958767982646e-011	4052.35761137351	13.7066585562567	524.8157024136	884.229714881524	37.7573508599253	0.00102689877720365	8.85543057671557e-006	0.163822119431556	9.69820665501442e-008	0.676177833700809	-2.93743161431589e-012	9.79568877537327e-008	0.600000003184587	-0.00955586312398853	2.36971044062892	-0.00168847660169483
981.9834	2850.49951603132	13.9155465257644	363.235293250552	610.373474847878	27.0663973789955	0.00073413191407482	1.07904890686597e-010	4376.68608034758	13.3547166139716	591.657901295962	999.851946834333	43.1508259071558	0.00117592685450847	8.61616444338109e-006	0.148582874852798	9.65437104669089e-008	0.691417078718102	-2.6292987383012e-012	9.75177363717415e-008	0.600000003623425	-0.008510912653798	2.36815748279243	-0.00155218762176802
1145.6473	3156.41016354824	13.3647592748043	418.547010448649	708.854764485984	31.6807976613866	0.000866039706356107	1.42366447365057e-010	4680.28932651028	12.8818080950067	651.567897806114	1108.17877086995	48.3540801316113	0.00132503086726941	8.41458847208941e-006	0.133393043871544	9.6107335751605e-008	0.706606910135869	-2.33381237559936e-012	9.70809914766856e-008	0.600000004059888	-0.00767767385746024	2.36669771576405	-0.00144360696622373
1309.3112	3452.39235954438	12.6860212768864	470.494461192052	805.84263532638	36.4226217851175	0.00100691162473338	1.79180689929017e-010	4968.17911557638	12.2695316227311	705.302274549157	1211.7948677197	53.5582779567989	0.00148116091070903	8.23904821993796e-006	0.118273170249773	9.56729334514927e-008	0.721726784192114	-2.04888824800639e-012	9.66466313641121e-008	0.600000004493964	-0.00700030321306845	2.36524383100316	-0.00135421067089584
1472.9751	3738.80628760006	11.8346288982563	518.310619897411	902.006097508693	41.4241570394542	0.00116357600811394	2.20043051304233e-010	5243.43511617291	11.4808592050099	752.760394464485	1312.8364923871	58.9731173751091	0.00165342433810699	8.08280485052946e-006	0.103256005193423	9.52404946550639e-008	0.736743944495842	-1.82913964931648e-012	9.62146365183274e-008	0.600000004891103	-0.00643973850022128	2.36370407293878	-0.00127886660474964
1636.639	4016.29843052693	10.747022454924	560.754922609628	998.560275873624	46.9245173365649	0.00134871698500767	2.68286144164173e-010	5508.16343804775	10.4576514953234	792.904530822141	1413.58035623512	64.8977197450467	0.00185658132343391	7.94056705156152e-006	0.0883961688844945	9.48103395795985e-008	0.751603775770963	-1.41782430857532e-012	9.57722850893362e-008	0.600000005451564	-0.0059681965785688	2.36195477685262	-0.00121423656485272
1800.3029	4285.82706902359	9.33729368848474	595.602100422616	1097.65470676184	53.3824780649896	0.00158791264790068	3.30871103239109e-010	5764.06901579186	9.11827305055095	823.282912586871	1517.14304534691	71.8477588424258	0.0021184871991292	7.81165646830305e-006	0.0737893817536086	9.43817997364224e-008	0.766210564647985	-1.27963655371075e-012	9.5345022966395e-008	0.600000005799961	-0.00556539032177259	2.35979706222676	-0.00115802010579681
1963.9668	4548.8563279511	7.51064241583547	618.615538496401	1203.19398446331	61.7550230253808	0.001938670928488	4.24066760127602e-010	6012.90082038487	7.37007397036468	838.869586438397	1628.60818302758	80.8427270177008	0.0024991221071349	7.69379692917881e-006	0.0596113211499849	9.39551969261111e-008	0.780388643027036	-1.07335506260183e-012	9.49616394303379e-008	0.600000006144159	-0.00521598460439466	2.35687310546526	-0.00110858226283268
2127.6307	4807.80239074768	5.24583183649413	621.624554623575	1322.23110699604	74.2173178489881	0.00254800146064373	5.91682367695666e-010	6256.94832712856	5.18624099345177	829.803078972353	1756.81583982656	94.1265929781303	0.00314618810830974	7.60286472678315e-006	0.0461903702038631	9.35305224241232e-008	0.793809604489375	-9.50580800574313e-013	9.48026731816012e-008	0.600000006511392	-0.00490810616471697	2.3525074162038	-0.00106482602327864
2291.2946	5066.6841825249	2.83250048466721	590.540195826256	1465.44514658357	95.9627911360812	0.00384357060854924	9.72546272096547e-010	6499.61193564819	2.83324059716902	779.037470810162	1915.15338676637	116.979030655594	0.00447543400346667	7.51175749850282e-006	0.0340982047114889	9.3107767596379e-008	0.805901764724448	-5.72001919178397e-013	9.4381000687543e-008	0.600000007104733	-0.00463392987460369	2.34551145067385	-0.00102636733624673
2454.9585	5330.9736185218	1.01632838006308	510.6307056302	1638.32769830116	138.707615179966	0.00718288270364704	2.07319037565319e-009	6745.35848560674	1.03196838225388	668.680084960985	2111.41974675751	161.477392945545	0.00777940143137617	7.42519819112255e-006	0.0240795959703243	9.26869240342066e-008	0.815920370725882	-1.03788302517634e-012	9.39616181243127e-008	0.600000007225536	-0.00439445658302119	2.33441317155398	-0.000994051002659506
2618.6224	5604.87485088344	0.227863600846496	388.323453590193	1815.04032532242	223.860680232597	0.0168873294174623	5.88284934579511e-009	6997.69116231689	0.234241712968516	506.698304489486	2315.97091492309	250.820371291231	0.0171649514719253	7.35412549879002e-006	0.0165631064167458	9.22679841350592e-008	0.823436845791432	-7.11050280861795e-013	9.35445562124254e-008	0.600000007667	-0.00420112292005872	2.31879137088333	-0.00096983833658954
2782.2863	5888.68779236264	0.0367487135874352	260.570460484083	1932.25080564698	378.092124050133	0.0452486523725548	1.98414707170539e-008	7257.25718595986	0.0379026478606922	339.218970692534	2451.18690632161	416.976127215964	0.0446109876858774	7.30548574012738e-006	0.0112916021417513	9.18509435573502e-008	0.828708351917522	-4.85112489576962e-013	9.31298429064632e-008	0.600000008072348	-0.0040566842479996	2.30034880151655	-0.00095383423258736
2945.9502	6180.150731145	0.00552317078381613	161.729342211754	1941.22634462329	614.837815109712	0.119095504093485	6.64155893288875e-008	7524.43053928475	0.00566242751379794	209.705625126848	2452.41373851595	681.877760224787	0.117785988043169	7.29519490027219e-006	0.00768378211702099	9.14358098537173e-008	0.832316182957068	-3.29831961246718e-013	9.2717523156339e-008	0.600000008516066	-0.00393589246495826	2.28185616893659	-0.000940048501005754
3109.6141	6476.70495150439	0.000924192118391951	97.5596246931387	1846.71975432352	922.42736081906	0.281767042237943	1.9729429190374e-007	7800.78138326743	0.000938312908276673	125.713519353903	2321.75940671455	1037.14037550431	0.283685912381736	7.36637030608928e-006	0.00522723357098762	9.10226248439973e-008	0.834772731568003	-2.80242752918923e-013	9.23076868555061e-008	0.600000008920603	-0.00381072145317381	2.26507192948059	-0.000921498551874726
3273.278	6776.57369578933	0.000176765744623485	58.1689037295566	1679.32702004207	1279.33193525308	0.595983863491562	5.15333352960153e-007	8086.23289600798	0.000177845779185967	74.4355842705006	2099.27707493989	1455.61195556529	0.609963666843836	7.61783146601972e-006	0.00355590556781157	9.06115112605735e-008	0.836444062621941	6.148696752507e-011	9.19005324894001e-008	0.600000009336237	-0.00367717149989925	2.25016463076753	-0.000897501220353855
3436.9419	7078.72423953716	3.67467291415682e-005	33.9680871108587	1465.42108547498	1668.24530532949	1.16127094934921	1.22745306369441e-006	8378.93120427408	3.66993958041461e-005	43.1976101902959	1821.3004172487	1912.64334619921	1.1997216688928	8.25157607306828e-006	0.00241894206470872	9.02027701561204e-008	0.837581028879449	6.06132688762346e-011	9.14964953185997e-008	0.600000009762812	-0.00354181066389578	2.23657544731468	-0.000870518416373326
3600.6058	7382.50723276427	7.72037584309223e-006	18.9666710891375	1222.02952273285	2077.68758928502	2.1598215987957	2.78995616368117e-006	8676.86588699438	7.66391304085428e-006	24.0136804236466	1511.06419892025	2391.82684772804	2.2345809345771	9.69903509786639e-006	0.00164550841335899	8.97971087212055e-008	0.838354461998394	5.13029490579021e-011	9.10965360327235e-008	0.600000010173363	-0.00340950012148817	2.22358819176155	-0.000842602365408466
3764.2697	7687.46202888568	1.49899602653662e-006	9.72419948163707	959.801298863987	2499.87371746766	3.9804646263016	6.3643957552623e-006	8978.53491744919	1.48063223254919e-006	12.2953894741676	1182.52135969338	2882.71200010497	4.08774747661709	1.30137272119822e-005	0.00111937351691793	8.93962545972358e-008	0.838880597684053	3.45103584373238e-011	9.07028882639672e-008	0.600000010602318	-0.00328201837926755	2.21038664741593	-0.000814873282385863
3927.9336	7993.23393277072	2.35918915498068e-007	4.24185675668324	686.087399535121	2928.28613614951	7.63849086038116	1.56364461417319e-005	9283.01842175739	2.44462427896328e-007	5.38825597283892	844.729666151099	3377.55655329059	7.68641698399378	2.13587826208811e-005	0.000761463794198956	8.90049789522288e-008	0.839238506130096	1.33034667279496e-010	9.03213936145191e-008	0.600000010987963	-0.00315868874771623	2.19579522208986	-0.000787730475032656
4091.5975	8299.49569220013	2.36539168242019e-008	1.31349806686717	408.510651990039	3352.68699275933	16.8044250668479	4.77193297721056e-005	9590.16078235987	3.25614260908267e-008	1.70164802553734	506.330056528069	3866.21367478698	16.1273909823027	4.81776271788281e-005	0.000517992969118088	8.86403595382817e-008	0.839481977110154	9.76647151317439e-011	8.99713677572595e-008	0.600000011380809	-0.00303479699937733	2.17739059851633	-0.000760508468885382
4255.2614	8605.56960752469	9.98640606918019e-010	0.165169048061961	152.662029143113	3724.06705081015	55.3108285095414	0.000271202466295981	9902.94119323688	7.22009523548977e-009	0.228614059143248	194.583612525664	4306.45754686925	47.1317829184583	0.000207253138611826	0.000352369533220425	8.84120720015707e-008	0.839647600840852	5.32848826999822e-011	8.97599393378402e-008	0.600000011627359	-0.0028841846579808	2.14821858707832	-0.000724896689223745
4418.9253	8909.8073942848	5.17926038611468e-011	0.00916821289042298	36.293783981859	3805.43421257043	242.329573084252	0.00246616593949034	10231.59553957	7.04109307850351e-009	0.0121919392985105	45.2231866232288	4462.22560598914	207.401684842675	0.0018569167081417	0.000239702670147384	8.96695277782196e-008	0.839760266180256	6.90955930690257e-011	9.09343700503382e-008	0.600000010450822	-0.00267276287525706	2.11071073692151	-0.000667575155468702
4582.5892	9215.37634393358	9.90832198813575e-012	0.00182862238633744	15.8545347990546	3696.55106330648	524.279584053902	0.00794988221044768	10553.0944723576	4.71316693566741e-009	0.00227530874032089	19.1525646385051	4348.04380113844	509.73774537339	0.00698997739028373	0.000163059983583687	9.80347270337194e-008	0.839836900505654	4.70027627003436e-011	1.00236174033519e-007	0.600000001170176	-0.00254984612892939	2.09068529167069	-0.000640328695413766
4746.2531	9522.21160834698	2.81602178703762e-012	0.000688338147060925	9.42481529665137	3561.22877709893	819.336823846394	0.0158086662917103	10867.2703964234	3.14480428258214e-009	0.000830324405291198	11.2403383279287	4180.66230643075	842.994897501403	0.0147726692326055	0.00011092307426392	1.23462310215956e-007	0.83988901199355	3.1973922761734e-011	1.31846465150123e-007	0.599999969578164	-0.00246595367877726	2.07884981112851	-0.000620422584564681
4909.917	9829.630279422	9.28910406911874e-013	0.000337964720684567	6.36827404964494	3418.94806199335	1118.27848046162	0.0257114551460184	11178.4322349825	2.07988364722974e-009	0.000398756591585542	7.53512640631213	4002.46329163236	1181.23021522184	0.0241141851244343	7.54564569504909e-005	1.91453156893557e-007	0.839924410612827	2.17500486476192e-011	2.23854172271672e-007	0.599999877580383	-0.00239247896785172	2.07042701568436	-0.000602563565376126
5073.5809	10137.3571330663	3.31016234955785e-013	0.000190756796281304	4.60274324256523	3273.66752422912	1419.08501981543	0.0375460184001984	11488.1230566779	1.35598138261535e-009	0.000221019573565543	5.41385201140696	3821.3953879847	1519.95209290438	0.0326988539786654	5.13299578943124e-005	3.94162262135663e-007	0.839948334408724	1.47955916358719e-011	5.1292475133516e-007	0.599999588516822	-0.00232453133306538	2.06382995718405	-0.000585957128341857
5237.2448	10445.228895234	1.23658125574637e-013	0.000116933396762686	3.46330276543851	3126.75076436536	1720.97529919376	0.0512881562110562	11796.9810051788	8.63651770784132e-010	0.000133406212976366	4.05376674973365	3639.80310489023	1857.98020356936	0.0345628497896977	3.49176832877721e-005	1.17812723486967e-006	0.839963962738031	1.00646170134718e-011	1.47256152786977e-006	0.599998628883187	-0.00226077276226542	2.05835826410478	-0.000570347898691808
5400.9087	10752.9559329254	4.76957766645161e-014	7.55471205256346e-005	2.6742087358888	2978.87522384134	2023.40112725908	0.0669320163412481	12105.1491905514	5.28843998803807e-010	8.5050406114387e-005	3.11698580870467	3458.64473231209	2194.77779986999	0.0267446692065219	2.37530913324556e-005	5.69911929116793e-006	0.839970606371691	6.84658241175098e-012	4.20798863899821e-006	0.599995893457731	-0.00220036469912954	2.05364481657329	-0.000555611103821028
5564.5726	11058.1430981952	1.88878011233173e-014	5.06383168182563e-005	2.10350690632045	2831.1961819126	2324.12103759832	0.0839283070905435	12410.4885441559	3.01066086988098e-010	5.6360503073056e-005	2.44255267652595	3278.81209155723	2528.57709436005	0.0155059703454273	1.61582641609012e-005	5.04773086744131e-005	0.839933422955184	4.65735797643758e-012	1.06993867693406e-005	0.599989402065008	-0.00213889601979862	2.04950025570308	-0.000541759287678884
5728.2365	11322.457203481	8.56148482831294e-015	3.59191015002732e-005	1.71524478509911	2697.69569028896	2589.68461553074	0.0915775081916119	12672.9255547463	1.45693900574455e-010	3.96798838594534e-005	1.98298268763996	3108.28653636395	2831.96392385032	0.00584719617648821	1.09918137892881e-005	0.000743119828335501	0.839245946869521	3.16801209652682e-012	2.15791926363007e-005	0.599978522261913	-0.00201202273495942	2.04624489815668	-0.000530290771552299
5891.9004	11308.3668001139	2.94820294815377e-015	3.21386911258177e-005	1.65140951863908	2659.19332095451	2619.23055880455	0.0591127204117816	12698.6873181837	3.84939034548926e-011	3.51209625854003e-005	1.87331220628591	3009.73837435604	2941.97770814928	0.0017559918199727	7.47725947265806e-006	0.00573926950118129	0.834253311622829	2.16078628038441e-012	2.90291447628846e-005	0.599971072305914	-0.00198025717847693	2.04585503830864	-0.000527336878638392
6055.5643	10932.8139511055	9.89053140264812e-016	3.97510026075215e-005	1.94321117885574	2733.06109347061	2353.82825831552	0.028747299114632	12457.894213395	3.65249746849799e-010	4.30767528209915e-005	2.17121387070355	3062.78953529378	2759.80975383562	0.000879783191975413	5.08647802420613e-006	0.0161438038806975	0.823851168038607	3.56099133860423e-012	3.25143216249764e-005	0.599967587125114	-0.00229607365710777	2.04866638092571	-0.000537084876715541
6219.2282	10495.9126574293	-1.22143160401282e-016	5.50694051374924e-005	2.37927106849632	2818.94895461443	2044.93577539138	0.0170136151215847	12125.9965717372	5.23848876360928e-011	6.08699750538455e-005	2.68877717329348	3194.23277731817	2454.42101031388	0.000603685563537554	3.46011985227827e-006	0.0274073125602098	0.812589285762248	1.61228626531188e-012	3.44974203925278e-005	0.599965604029686	-0.00249980194843041	2.05247163267107	-0.000552343578889169
6382.8921	10120.0023859631	-6.68006775407916e-016	7.53496704683526e-005	2.84391170186864	2882.89047929904	1788.5822281255	0.0117999378525443	11810.1167837135	-2.34237518808677e-011	8.53385117162409e-005	3.26744468545004	3317.52440371135	2166.60819224549	0.000482866436375397	2.35378306728724e-006	0.0376951378754186	0.8023025667263	1.18015531442874e-012	3.58165989509037e-005	0.599964284851727	-0.00261761377172486	2.05607172042743	-0.000567703460156961
6546.556	9816.42471623778	-9.95566626333086e-016	9.82056695395646e-005	3.28418996487269	2923.51077427329	1592.06058172625	0.00900155126032689	11539.3129171612	-6.75883419048088e-011	0.000113446550426341	3.82687469925206	3408.7983244217	1934.21837836316	0.000418831090784313	1.60118044251779e-006	0.04685506257874	0.793143394623972	9.47860823539242e-013	3.67847495362674e-005	0.599963316701576	-0.0027018356587917	2.05914517987917	-0.000581566648425614
6710.2199	9573.63057716471	-1.22029802511172e-015	0.000121156841611501	3.66859254906977	2944.85497470282	1445.56379148011	0.00730949126342401	11314.782996545	-1.14980319611914e-010	0.000142053715836617	4.32185231328739	3468.94667774528	1756.69008717278	0.000380693616509411	1.08921823492652e-006	0.055077500304177	0.784921468867737	6.56482669640156e-013	3.75440671645934e-005	0.599962557384241	-0.00277064894258691	2.06163865503305	-0.000593593079970413
6873.8838	9377.65262779641	-1.37060663062439e-015	0.000142024724717013	3.98025073599959	2951.25383239001	1337.73162282291	0.00620461926382361	11130.172155637	-1.48980851244742e-010	0.000168387975819611	4.72888476994485	3504.15203544692	1624.51264188465	0.000356168085200646	7.40948469104057e-007	0.0625819995859052	0.777417317882384	4.50900446137173e-013	3.81689005734591e-005	0.599961932551895	-0.00283085152524251	2.06358869501986	-0.000603870430796254
7037.5477	9216.54704740961	-1.47800098715224e-015	0.000159311712351855	4.21419185834815	2946.32608453911	1258.91673748093	0.00544306200132158	10977.8042888618	-1.73577395354231e-010	0.000190515392044779	5.04065291301282	3520.54426615917	1527.61193560355	0.00033951266101342	5.04032108526561e-007	0.069552583030647	0.770446971387138	3.06743264527542e-013	3.87019960528564e-005	0.599961399457021	-0.00288562126105846	2.06506498602381	-0.000612634366425385
7201.2116	9081.00935985973	-1.56075148918627e-015	0.000172313692407514	4.37402821198394	2932.87813928203	1201.60612475638	0.00489588150172755	10850.6184288969	-1.9140284411995e-010	0.00020748936266535	5.26106541632942	3523.04970959656	1457.44740463609	0.000327727755082042	3.42879004348993e-007	0.0761308071754708	0.763868908390801	2.08677802235237e-013	3.91696070150327e-005	0.599960931842587	-0.00293677716489362	2.06614611775577	-0.000620155577468819
7364.8755	8964.04982501607	-1.63019205485963e-015	0.000180996336024595	4.46842063619376	2913.01916006831	1160.14776785372	0.00448907785378726	10742.7021956808	-2.04572745691204e-010	0.0002192045445131	5.40053234057989	3515.35899883433	1407.30376321574	0.00031911963236535	2.33263325531917e-007	0.0824220456124326	0.757577779252294	1.41934068029736e-013	3.95887144699132e-005	0.599960512783517	-0.0029855187966356	2.06690751667423	-0.000626691134118135
7528.5394	8860.50313869683	-1.69300391035204e-015	0.000185761814065169	4.50808666062085	2888.30996484819	1130.35781368276	0.00417763842844772	10649.326466964	-2.1456045026422e-010	0.000226110342672925	5.47212109486208	3500.15617535201	1372.07650652559	0.000312676961045605	1.58675851733275e-007	0.088503602600438	0.751496297263643	9.65825342474636e-014	3.99705775903127e-005	0.599960130954523	-0.00303270406061959	2.06741561815177	-0.000632464843684814
7692.2033	8766.58220270709	-1.75292497120215e-015	0.000187224560697837	4.5037780326472	2859.89587621656	1109.16451205015	0.0039330226420533	10566.8070988985	-2.22400774088807e-010	0.000228932089207412	5.4889940846077	3479.36700239223	1347.95269567626	0.000307774266865938	1.07921323074341e-007	0.0944317955816038	0.745568154551373	6.5717594994303e-014	4.03227747395426e-005	0.599959778539688	-0.00307897555930852	2.06772585353531	-0.000637662270378386
7855.8672	8679.52013682775	-1.81196842636379e-015	0.000186045426061863	4.46514256105189	2828.61324803797	1094.32199210824	0.00373652973461785	10492.3214359488	-2.2876731783395e-010	0.000228463684986087	5.46298174623147	3454.36495697887	1332.11165580282	0.000304003294869269	7.34662701815841e-008	0.100247519249859	0.739752465600632	4.4732974818048e-014	4.06516137936955e-005	0.599959449984066	-0.00312482621536208	2.06788270335099	-0.000642432766264499
8019.5311	8597.29770765547	-1.87118346546205e-015	0.000182837489507637	4.40028211600204	2795.07073309599	1084.19178685531	0.00357561448111879	10423.7307269986	-2.34166429184812e-010	0.000225447741803132	5.40402315127815	3426.12720640432	1322.47876996093	0.00030110353681332	4.9957842073738e-008	0.105980429594766	0.734019578652982	3.04372677997388e-014	4.09602209650761e-005	0.599959141255013	-0.00317063987134965	2.06792095286602	-0.000646893746221536
8183.195	8518.43993198561	-1.93094931263475e-015	0.000178123061210486	4.31570633069278	2759.7104675199	1077.57875628684	0.00344165933139156	10359.426175389	-2.38913804481205e-010	0.00022052040870331	5.32010479714449	3395.34872026266	1317.53270623558	0.000298890683442095	3.39734803505398e-008	0.111652036771639	0.728347987719212	2.07344583965051e-014	4.12521508906262e-005	0.599958849334731	-0.00321672072520119	2.06786725075372	-0.000651136644185804
8346.8589	8441.86690542143	-1.99142586638502e-015	0.0001723249095913	4.21650035235634	2722.85307347055	1073.61049612499	0.00332863861731223	10298.2032693125	-2.43238140873706e-010	0.000214198532147146	5.21746477389343	3362.52382551141	1316.15970167277	0.000297241788186113	2.30879948117255e-008	0.117277960557012	0.722722074335959	1.40457660326769e-014	4.15296757258754e-005	0.599958571920635	-0.00326331362401146	2.06774175211043	-0.000655231930339192
8510.5228	8366.78437069422	-2.05258167452617e-015	0.000165773868233951	4.10656242480174	2684.73039359116	1071.6494735269	0.00323226105539727	10239.1620577785	-2.47281505300256e-010	0.000206887530676504	5.10088301015448	3328.00388692255	1317.54538085716	0.000296066815575405	1.57120696487231e-008	0.122869573267636	0.717130469700989	9.56191041292161e-015	4.17945442049953e-005	0.599958307214509	-0.00331061869131232	2.0675595384135	-0.000659233674646432
8674.1867	8292.60529105527	-2.11441503362013e-015	0.00015872382846357	3.98885999206828	2645.51054577938	1071.22693816712	0.00314941358079964	10181.6307144872	-2.51182660080546e-010	0.000198899804553333	4.97399446734713	3292.03912672615	1321.09259566395	0.000295300963338816	1.07746919790909e-008	0.128435177813136	0.711564868837753	6.50900561435026e-015	4.20484666498078e-005	0.599958053776369	-0.00335880180123795	2.06733186093098	-0.000663183001916212
8837.8506	8218.89187690246	-2.17689519117626e-015	0.00015136666439129	3.86562977909133	2605.3142915658	1071.99839174801	0.00307780644140491	10125.1065862019	-2.54999605387378e-010	0.000190472034462692	4.83953987562137	3254.80681540743	1326.3643644536	0.000294900718797301	7.26572847423614e-009	0.133980868875167	0.706019181228794	4.4042356419854e-015	4.22915136999589e-005	0.599957810442007	-0.00340801068860325	2.0670670248738	-0.000667112400398879
9001.5145	8145.31435179955	-2.23984463757118e-015	0.000143847051321101	3.73856826757667	2564.22864144597	1073.7080521103	0.00301572296948543	10069.2123205395	-2.58766476335329e-010	0.000181782972168852	4.69959333360138	3216.43218701301	1333.03970761066	0.000294826435342415	4.96077778669047e-009	0.13951114501689	0.700488907332446	3.09414853689705e-015	4.25252883154663e-005	0.599957576233393	-0.00345837260504948	2.06677118179139	-0.000671046564402698
9165.1784	8071.62102531713	-2.30341142208651e-015	0.000136273473941029	3.60896689424483	2522.31593898998	1076.16465346086	0.00296185779108197	10013.6629427626	-2.62549219477133e-010	0.000172967546934071	4.5557310986106	3177.00294038484	1340.88234754266	0.000295046169669717	3.37042414646417e-009	0.145029352387003	0.694970701665326	2.05118923297339e-015	4.27512871613647e-005	0.59995735032879	-0.00351000322450977	2.06644887372147	-0.000675004784376312
9328.8423	7997.61667505829	-2.36746504660782e-015	0.000128727516586067	3.47781428227388	2479.62034178466	1079.22415192685	0.00291520588461742	9958.24141129676	-2.66358401232087e-010	0.000164127686191438	4.40916092938787	3136.57946616566	1349.71807597684	0.000295541251284413	2.27970140306765e-009	0.150538002552382	0.689462053344404	1.40353500667326e-015	4.29694920879731e-005	0.599957132027575	-0.00356301588016976	2.06610342718311	-0.000679003231177341
9492.5062	7923.14691415844	-2.43207861642811e-015	0.000121270577086071	3.3458791871562	2436.17277629021	1082.77666873155	0.00287498274191549	9902.78051504002	-2.70223053588811e-010	0.00015534024111803	4.26081426305332	3095.20211820482	1359.41833402344	0.000296292549694611	1.58531099356165e-009	0.156039001454539	0.683961054637174	9.3754702520105e-016	4.31808510835102e-005	0.599956920717759	-0.00361751260929807	2.06573729093813	-0.00068305414437726
9656.1701	7848.0870080581	-2.49731481755888e-015	0.000113949187197043	3.21376747436199	2391.99469240629	1086.73680081092	0.00284056997020978	9847.14979531665	-2.74149335254862e-010	0.000146664373003235	4.11142724572771	3052.89655950666	1369.88764199929	0.000297287412413385	1.06166689508937e-009	0.161533813654568	0.678466242840518	6.23399393970054e-016	4.33854654733741e-005	0.599956715866636	-0.00367359890737456	2.06535224807224	-0.000687168395204958
9819.834	7772.3336048834	-2.56320178594698e-015	0.000106798580934716	3.08196246938538	2347.10019886615	1091.0376668939	0.00281147811171279	9791.24556673468	-2.78145269692961e-010	0.000138145090252253	3.961583472786	3009.6772575347	1381.05556949576	0.000298515035034492	6.90102368613272e-010	0.167023581310331	0.672976476281698	4.25231852178164e-016	4.35839731604354e-005	0.599956517000453	-0.00373137890166204	2.06494957388273	-0.000691355214069158
9983.4979	7695.79884981684	-2.62984085195436e-015	9.98455127255812e-005	2.95085872353589	2301.49829748852	1095.62530376015	0.00278731734499628	9734.98388975302	-2.82222878485539e-010	0.000129817278982811	3.81175841471215	2965.55026313574	1392.86990849	0.000299964468897874	4.5719239452805e-010	0.172509209447468	0.667490848287388	2.95974718878431e-016	4.37772881850794e-005	0.599956323691272	-0.00379095882038454	2.0645301706251	-0.000695622767560844
10147.1618	7618.4060180279	-2.69733119538582e-015	9.3110397584902e-005	2.82078334253978	2255.19408152668	1100.45539107571	0.0027677782677179	9678.29522193036	-2.8639872948978e-010	0.000121707848540271	3.66234378383721	2920.51501464555	1405.29232697623	0.000301628264283878	3.02053092041814e-010	0.17799142878121	0.662008629294816	1.90237741838072e-016	4.39658541911787e-005	0.599956135557855	-0.00385244625656308	2.06409465046859	-0.000699978250303442
10310.8257	7540.08634603802	-2.76578136763296e-015	8.66084561302931e-005	2.69201105087896	2208.18962346125	1105.49084764999	0.00275261823928881	9621.12050254834	-2.90669314442823e-010	0.000113837577526959	3.51366779453974	2874.56572728035	1418.29495859522	0.000303505418308345	1.89928526653949e-010	0.183470840257111	0.656529217377835	1.29921509003327e-016	4.41493924546125e-005	0.599955952257002	-0.00391595574636167	2.06364338453682	-0.000704428866369168
10474.4896	7460.77663214201	-2.83529989116354e-015	8.03511776865783e-005	2.56477814591287	2160.48491004852	1110.69950281263	0.00274164971507653	9563.40833288947	-2.95043096971269e-010	0.000106222478522798	3.36601136667837	2827.6922741829	1431.8579922911	0.000305592935556799	1.8481670086166e-010	0.188947950151095	0.651052108502428	2.9032598220065e-017	4.43281737081934e-005	0.599955773474873	-0.00398160532445764	2.06317656519515	-0.000708981237208995
10638.1535	7380.41747977916	-2.90607467204015e-015	7.43466663755355e-005	2.4392904445149	2112.07830655157	1116.05281398426	0.00273473317770821	9505.11278107406	-2.99519812897293e-010	9.88747956563179e-005	3.21961797825402	2779.88092174647	1445.96782309731	0.000307888381727831	1.02206016113139e-010	0.194423190368429	0.645576868238955	8.69789966895154e-017	4.45026881858394e-005	0.599955598920713	-0.00404951934785184	2.06269423060544	-0.000713641881151305
10801.8174	7298.95194515469	-2.97825754447746e-015	6.86007896617293e-005	2.3157303101717	2062.9671001249	1121.52453297453	0.00273177109467476	9446.19183575255	-3.04118931147805e-010	9.18038854628822e-005	3.0747048446925	2731.11480195105	1460.61563319962	0.000310391346724934	5.72862412090925e-011	0.199896942498913	0.640103116519873	5.3589341401488e-017	4.46732618153978e-005	0.599955428328852	-0.00411983110124505	2.06219628863245	-0.00071841747275287
10965.4813	7216.32445378356	-3.05196894001739e-015	6.31170713386878e-005	2.19425998424463	2013.14753766423	1127.09039261357	0.00273270538640445	9386.60603763493	-3.08836045466323e-010	8.50163982296723e-005	2.93146307630771	2681.37417372414	1475.79671238982	0.000313103559176019	6.25107102568998e-011	0.205369547396465	0.634630511669376	7.18279847180548e-017	4.48400272831137e-005	0.599955261452466	-0.004192682298529	2.06168252159779	-0.000723314939049959
11129.1452	7132.47996598436	-3.12746547713815e-015	5.7897496986573e-005	2.07502753075288	1962.6154040928	1132.72681241728	0.00273751336711647	9326.31762314824	-3.13689763483372e-010	7.85168837538076e-005	2.79006592135541	2630.63666723567	1491.50951896709	0.000316026703793346	-6.0880381751914e-012	0.210841317614232	0.629158741853823	4.18707023983449e-019	4.50034797193656e-005	0.599955098061974	-0.00426822073111051	2.06115261707196	-0.000728340845019174
11292.8091	7047.36329240493	-3.20481114241475e-015	5.29425251772773e-005	1.95816783453203	1911.36610660189	1138.41061320628	0.0027462072405856	9265.28977048799	-3.18674536953424e-010	7.23083072637397e-005	2.65067472015253	2578.87743830136	1507.75507005315	0.000319165160052158	4.46341170429438e-011	0.216312545963305	0.623687512893053	-1.38632045172741e-017	4.51635892531829e-005	0.599954937944427	-0.00434661060611064	2.0606061471179	-0.000733502843858854
11456.473	6960.91845605387	-3.2843232651138e-015	4.82512927220279e-005	1.84380603431845	1859.39486824393	1144.11848861	0.00275883321306234	9203.48588624427	-3.23792660890653e-010	6.63919369957992e-005	2.51343561489997	2526.06916336043	1524.53676359338	0.000322523479922548	-6.60319242038619e-012	0.22178351155145	0.618216547946583	-8.93450314253704e-018	4.53207236371377e-005	0.599954780898618	-0.00442802197942727	2.06004259485404	-0.000738808124883155
11620.1369	6873.08818399601	-3.36612517124445e-015	4.38219091698024e-005	1.73205813926079	1806.69688335323	1149.82663396029	0.00277547226831566	9140.86913461637	-3.29063810527033e-010	6.07678763365861e-005	2.378486741844	2472.18210290613	1541.85986716503	0.000326108758760978	-4.91328514527446e-011	0.227254486685592	0.612745573109762	2.65142450971715e-017	4.54748540692847e-005	0.59995462673693	-0.00451264249832388	2.05946132983353	-0.000744264926763864
11783.8008	6783.81338192038	-3.45044732042879e-015	3.96515252712404e-005	1.62303333508162	1753.26756940224	1155.51015203777	0.00279624085804831	9077.40195288948	-3.34480523276263e-010	5.54351148733002e-005	2.24595869307708	2417.1840479663	1559.73130897728	0.000329928538995577	-4.15757313806495e-011	0.232725740914054	0.607274319341481	1.37406678512087e-017	4.56262318099995e-005	0.599954475280193	-0.00460067348927839	2.05886161882743	-0.000749881782808961
11947.4647	6693.03263615812	-3.53751150852553e-015	3.57365360419557e-005	1.51683467425335	1699.10266550733	1161.14277991594	0.00282129329620672	9013.04557502087	-3.40059458951118e-010	5.03915730293669e-005	2.11597505582844	2361.04024633541	1578.15951359811	0.000333991234151461	-2.82856558876675e-011	0.238197546033576	0.601802514464244	2.52760294044366e-017	4.57751113189335e-005	0.599954326358729	-0.00469233216451557	2.05824261451122	-0.000755667739940939
12111.1286	6600.68170260745	-3.62760247388873e-015	3.20724736157973e-005	1.41355995333923	1644.19841645092	1166.69645116363	0.00285082474527856	8947.75960021913	-3.45816871160038e-010	4.56343782357374e-005	1.98865434236118	2303.71330545417	1597.15420009106	0.000338308117766257	-1.92446712669683e-011	0.243670180546885	0.596329879915371	1.6698140195106e-017	4.59216690685682e-005	0.599954179809979	-0.00478785453236981	2.05760334379455	-0.000761632561313618
12274.7925	6506.69296266629	-3.72090318187754e-015	2.86542722865629e-005	1.31330247157642	1588.55176486592	1172.14084231338	0.0028850752439976	8881.50153790005	-3.51742502303806e-010	4.11598320553733e-005	1.86411120627169	2245.16306255363	1616.72621522807	0.000342891131606115	-1.30888492189735e-011	0.249143934069757	0.59085612649788	2.36449276321522e-017	4.60659891012005e-005	0.599954035479575	-0.0048874978390531	2.05694269436486	-0.000767786842230291
12438.4564	6410.9948264539	-3.81773368606102e-015	2.54762748980314e-005	1.21615167365051	1532.16055542344	1177.44289032146	0.00292433495510778	8814.22631128655	-3.5786380300285e-010	3.69635348117587e-005	1.74245699975435	2185.3464217099	1636.88738938026	0.000347754531045135	-8.90313801942986e-012	0.25461911171656	0.585380949139865	3.0175261643161e-017	4.6208259324232e-005	0.599953893216992	-0.0049915424839051	2.05625939914026	-0.000774142046445142
12602.1203	6313.51106388805	-3.91834578516091e-015	2.25322972353505e-005	1.12219375995861	1475.02378617118	1182.56621109612	0.00296895076847755	8745.8857131186	-3.64179690051811e-010	3.30404353033767e-005	1.62380026419471	2124.21716196445	1657.65037848049	0.000352915182862042	-3.678274225119e-012	0.260096040398442	0.579904021693223	6.64880352234762e-017	4.63484961380153e-005	0.599953752875183	-0.00510029361925883	2.05555201890323	-0.000780710464488724
12765.7842	6214.16004890637	-4.02300011801959e-015	1.98156654541608e-005	1.03151204274154	1417.1419253549	1187.47039100503	0.003019334566349	8676.42783101894	-3.70710947593109e-010	2.93850305935138e-005	1.50825030817404	2061.72574892005	1679.02837439934	0.000358390099493106	2.15720566303808e-012	0.265575071152964	0.57442498976138	9.0503082720335e-017	4.64871126378937e-005	0.599953614314802	-0.00521408925500082	2.05481890849779	-0.000787505841429196
12929.4481	6112.85383636642	-4.13213154211925e-015	1.73192873382502e-005	0.944187173319886	1358.51710670884	1192.11046481673	0.00307597436775358	8605.79624474317	-3.77472292765119e-010	2.59911087597099e-005	1.39591292411371	1997.81904389371	1701.03506202063	0.000364202507715301	3.22274167717033e-012	0.271056590055818	0.568943471506485	3.81569568788911e-018	4.66238039106773e-005	0.599953477394813	-0.00533329744606308	2.05405819367671	-0.000794542935174526
13093.112	6009.49712903204	-4.24591575839302e-015	1.50356351502463e-005	0.860297599750134	1299.15363571092	1196.4358144103	0.00313944706723785	8533.92925636434	-3.84463135630926e-010	2.28521222800014e-005	1.28689591307841	1932.44007695841	1723.68415520187	0.000370373995833601	-1.26172830230513e-012	0.2765410224915	0.563459038841116	6.50104777694336e-018	4.67593536722227e-005	0.599953341976115	-0.00545832742815925	2.05326772319398	-0.000801838290430292
13256.7759	5903.98597500085	-4.36473571430071e-015	1.29568783895926e-005	0.779919780109646	1239.05839745958	1200.3891851927	0.00321043554796126	8460.75882677129	-3.91693065774577e-010	1.99610135552993e-005	1.18130733719576	1865.52772207114	1746.98911718773	0.00037693374566149	-8.86230865458087e-013	0.282028843601987	0.557971217486916	3.33834104062952e-017	4.68935211358554e-005	0.59995320792008	-0.00558963130962556	2.05244502522626	-0.000809410109830473
13420.4398	5796.2062126737	-4.48897216385801e-015	1.10748072193559e-005	0.703128290000582	1178.24139803229	1203.90542119531	0.00328975010096029	8386.20932831381	-3.99207607461887e-010	1.7310325463964e-005	1.07925656366932	1797.01636985666	1770.96266858727	0.000383914101582546	-3.71846349784383e-013	0.287520589065724	0.552479471791739	3.45510359871369e-018	4.70264728590713e-005	0.599953075090039	-0.00572771181904351	2.05158724172826	-0.000817278705738042
13584.1037	5686.03153574079	-4.61897114772855e-015	9.38090249765699e-006	0.629995998335045	1116.71645904982	1206.90983677217	0.00337835581644699	8310.19600124965	-4.07001307047148e-010	1.48922263566124e-005	0.980854912367152	1726.83556812781	1795.61614476942	0.000391352452292566	5.56895578752041e-013	0.293016869110244	0.546983191773791	-5.17053404200072e-017	4.7158229084533e-005	0.59995294334349	-0.00587312930303825	2.05069105159597	-0.000825466751404925
13747.7676	5573.32107801663	-4.75511260292916e-015	7.86637838886334e-006	0.560594142403763	1054.50206367645	1209.31621390102	0.00347740798215035	8232.62302916928	-4.15092571545879e-010	1.26984895988972e-005	0.886217822272802	1654.90965821948	1820.95859324203	0.000399291366553929	-8.41115751654506e-013	0.298518385236778	0.541481675682563	-2.70195963076567e-017	4.72890385300975e-005	0.599952812534803	-0.00602651490332194	2.04975256203493	-0.000834000064513787
13911.4315	5457.91632869144	-4.8978170361909e-015	6.52216037502905e-006	0.494992282708971	991.622382059756	1211.02432835695	0.00358829867408381	8153.38105513487	-4.23505399380223e-010	1.07205266412575e-005	0.795463441991805	1581.15735482022	1846.99566802825	0.000407781233931247	-1.87473116886819e-012	0.304025952735017	0.535974108215028	-1.79416141944643e-017	4.74190643807989e-005	0.599952682512854	-0.00618857720800567	2.04876718474684	-0.000842907722686704
14075.0954	5339.63717534218	-5.04752696068027e-015	5.33895154591063e-006	0.433258237113498	928.108603861168	1211.9167216266	0.00371271831886921	8072.3440300789	-4.32272072762863e-010	8.9494264788883e-006	0.708715062767326	1505.49137085641	1873.72797731728	0.000416881597854482	-7.44527901183911e-013	0.309540528829248	0.530459532129542	-2.35324514913077e-017	4.75484423211668e-005	0.599952553118579	-0.00636012092484411	2.04772945304416	-0.000852223176647898
14238.7593	5218.27671904146	-5.20469376002257e-015	4.30720669204942e-006	0.375457986807197	864.00066788759	1211.85446130516	0.00385273849148492	7989.36507778132	-4.41413874799119e-010	7.37594733238659e-006	0.626102282905201	1427.81805772727	1901.14884897142	0.000426663512513717	-1.430421477679e-012	0.31506325009846	0.52493681086696	-2.26495581625461e-017	4.76773722995628e-005	0.599952424181951	-0.00654206551234897	2.04663278869505	-0.000861985164025417
14402.4232	5093.59436186752	-5.36979709216526e-015	3.4171494348351e-006	0.321655252313917	799.349442092518	1210.67168589168	0.00401092584283129	7904.27099198065	-4.50955458973942e-010	5.99047963736154e-006	0.54776063940212	1348.03709960273	1929.24124055626	0.00043721247402186	-1.82859381468558e-013	0.320595482448293	0.51940457846512	1.86866066767202e-017	4.7806047421373e-005	0.599952295518843	-0.00673546560635118	2.04546918475055	-0.000872238752014218
14566.0871	4965.30645097934	-5.5434185328438e-015	2.65881877351975e-006	0.271911197463179	734.219718145176	1208.16805555159	0.00419050074912027	7816.85482929105	-4.60950636885806e-010	4.78310101632133e-006	0.473834509335072	1266.04141450804	1957.97323413392	0.000448633307852909	-2.12953679944056e-012	0.326138888836391	0.513861172141847	-4.38812290149487e-018	4.79346617920065e-005	0.599952166926681	-0.00694154602126273	2.04422875549056	-0.000883037317509396
14729.751	4833.07330709505	-5.72612155172832e-015	2.02207095731652e-006	0.226283713791744	668.694200644533	1204.09850277897	0.00439556460856983	7726.86567467125	-4.71425639740589e-010	3.7435195825573e-006	0.404477791728351	1181.71733306506	1987.29159319846	0.000461056279751909	-1.45219661929305e-012	0.331695523610343	0.508304537341244	7.96462284713503e-018	4.80633783091399e-005	0.59995203817836	-0.00716174093507816	2.04289910546101	-0.000894444691183863
14893.4149	4696.48083045536	-5.91863367595663e-015	1.49655302790484e-006	0.18482643914333	602.879008821361	1198.15885140796	0.00463143408168392	7633.99421128515	-4.82440290219498e-010	2.86114067679011e-006	0.339855383137998	1094.94535778118	2017.11220879424	0.000474645088946119	-9.84976375160295e-013	0.337267966539178	0.502732094353982	6.65190530807069e-018	4.81925210617975e-005	0.599951909012455	-0.0073977505685501	2.04146439951548	-0.000906538442525659
15057.0788	4555.01371651774	-6.12177086461133e-015	1.07176107920332e-006	0.147587465997229	536.911573292824	1189.96487589379	0.00490514719961732	7537.85182586397	-4.94038260319314e-010	2.12489375257578e-006	0.280145751193878	1005.60199562977	2047.30559191506	0.000489611697915679	-6.71213625905827e-013	0.34285951837537	0.49714054240939	1.14838712855742e-017	4.83224109822242e-005	0.599951779123827	-0.00765162356056014	2.03990396551512	-0.000919414706054432
15220.7427	4408.01517797793	-6.33666280287509e-015	7.37030371740671e-007	0.114607185969108	470.972130873747	1179.02124386521	0.00522625963150465	7437.93941434919	-5.06300142185092e-010	1.52334432787489e-006	0.225542451430623	913.563526042854	2077.67424469082	0.000506237107417217	-4.55580368529614e-013	0.348474495404176	0.49152556545307	7.81201058477074e-018	4.84533830290923e-005	0.599951648144854	-0.00792587199645418	2.03819011649164	-0.000933194778860653
15384.4066	4254.62416580643	-6.56479012664883e-015	4.81561949086933e-007	0.0859152746421414	405.301208485847	1164.67344793647	0.00560815333523022	7333.59906731926	-5.1930725843022e-010	1.04458841341076e-006	0.176257149264602	818.713554521203	2107.91594339132	0.000524905346716109	-3.11717436500168e-013	0.354118688983293	0.485881371881181	5.31419308367103e-018	4.85859090078699e-005	0.599951515620896	-0.00822365799190221	2.03628460072462	-0.000948035939408084
15548.0705	4093.67310881909	-6.80836159196695e-015	2.9444218140436e-007	0.0615258465241641	340.227266216364	1146.03036616995	0.00607030487594246	7223.93594041029	-5.33168263539895e-010	6.76222395088106e-007	0.132522198629329	720.95805022926	2137.56142252952	0.000546162117553134	-2.10992822971294e-013	0.359800115077708	0.480199945761812	3.6150294200092e-018	4.87205573237842e-005	0.599951380968275	-0.00854909801739056	2.0341325381499	-0.000964148176084743
15711.7344	3923.51237166386	-7.07078550672447e-015	1.64681473630195e-007	0.0414297208136787	276.21268035196	1121.83287201689	0.00664248439221006	7107.68498892114	-5.48025604468473e-010	4.05227084975133e-007	0.0945935211702879	620.256258757004	2165.86225412898	0.000570821794212103	-1.43950925824781e-013	0.365530301254009	0.474469759501497	2.45915748879673e-018	4.88581322688183e-005	0.599951243405799	-0.0089078195907837	2.03165141231342	-0.000981822871683985
15875.3983	3741.68876320179	-7.35764741987407e-015	8.12690453942686e-008	0.025581159016248	213.934913589744	1090.21678113067	0.00737319349485103	6982.96825237551	-5.64074625808702e-010	2.17924057670551e-007	0.0627518964109225	516.687772216402	2191.57364439813	0.000600178838646616	-9.60274424802317e-014	0.371326644936088	0.468673415783592	1.67286482432407e-018	4.89997162290657e-005	0.599951101832526	-0.00930807815066678	2.02870959437364	-0.00100148297986174
16039.0622	3544.3077690666	-7.67842259831501e-015	3.32794445683369e-008	0.0138740292343843	154.440504817634	1048.25161277985	0.00834849820911477	6846.81465542659	-5.8160017355148e-010	9.98006048859382e-008	0.0372992857812809	410.610502503173	2212.49160391877	0.000636468595682647	-6.72708134697731e-014	0.377217090615956	0.462782970177154	1.13798190341115e-018	4.91469699388028e-005	0.599950954586444	-0.0097633507043835	2.02508057712138	-0.0010237795931865
16202.7261	3324.63901987176	-8.04954735916861e-015	1.0073424658654e-008	0.00609563456744998	99.4623722847177	990.959604115617	0.00974012137186346	6694.10592337423	-6.01054708175153e-010	3.5376383611408e-008	0.0185345813749776	303.076056408947	2224.33905941326	0.00068401853695068	-4.45496576023055e-014	0.383250354052544	0.456749706686991	7.74122806038886e-019	4.93026345629234e-005	0.599950798922888	-0.0102994070248622	2.02033509918804	-0.00104979237585311
16366.39	3069.74757970848	-8.49893520523385e-015	1.67705272013178e-009	0.00183047793878881	52.1217806464676	909.04626597104	0.0119495759053579	6514.96104091254	-6.2324926349688e-010	8.07057004087807e-009	0.00664544625670464	197.075836982951	2217.66918974127	0.000752608348620362	-2.4359501395634e-014	0.389520622389724	0.450479438405799	5.26604260492986e-019	4.94718442552792e-005	0.599950629711797	-0.0109772118887061	2.01356690853776	-0.00108148130570611
