0	1001.04400565964	18.9997345899825	0.178267124327313	0.324005039516212	0.0199889829518539	5.11758035815771e-007	1.16025322804266e-012	1001.04658691703	18.9999999758542	0.178000106574683	0.324000167646338	0.0200000016295475	5.22899966550187e-007	8.84472139836805e-010	0.239999999998633	9.99999990402785e-008	0.600000000001367	9.99999999999998e-013	9.99999990402785e-008	0.6	-0.00105640002430745	2.47084567213405	-0.00045220014320284
336.08629	1288.74864641573	17.2938276113276	69.7321545708365	110.627216268313	4.63220827177556	0.000118680416981679	-5.93668740048796e-012	1926.29310374049	16.3977007009364	119.127529369361	193.712061142038	7.08434961333257	0.000186893299774161	9.80530062692327e-006	0.224362038675644	9.90751302872029e-008	0.615637961931154	-7.57950276192749e-013	1.00207930211174e-007	0.600000001001817	-0.0108434457634429	2.39003985569495	-0.0020225595000105
672.17258	1648.37318439144	17.1656429218103	139.154430232631	219.670306631235	9.15123609272722	0.000233198966271416	2.51939158799126e-012	2395.83117455391	16.6398756197146	225.145905804878	359.147481469971	14.236955808046	0.000367140234475731	9.20598850857965e-006	0.208550151678283	9.81577212663926e-008	0.63144979445362	-8.64735310958761e-013	9.92821841132921e-008	0.600000003009553	-0.00869303744433837	2.38349537153804	-0.00154918241613685
1008.25887	2005.77748664616	17.0185926544087	208.632581745869	328.887966914054	13.6817256724627	0.000348132919542945	2.23543243708181e-011	2782.67665392231	16.6362900579692	312.298099483542	495.331688593984	20.0088868144462	0.000512497782213218	8.75667101495554e-006	0.192744507329845	9.67429232895455e-008	0.647255371557027	-8.59854902261159e-013	9.79638277940973e-008	0.600000003929154	-0.00707579834373615	2.37988225130791	-0.00129554913329741
1344.34516	2352.34324533814	16.8451440195874	276.383623422487	435.823256973624	18.1357236029833	0.00046159450120811	4.60944113790946e-011	3135.44910652155	16.5331323188859	389.383527699748	616.607136510887	25.1252921383109	0.000642259146019045	8.38025859403713e-006	0.176948472823118	9.58476173855292e-008	0.66305130874636	-8.30396295966128e-013	9.61289386104316e-008	0.6000000049796	-0.00595163129270508	2.37731609929478	-0.00112827634789418
1680.43145	2686.48014094952	16.6380871392308	341.765975426915	539.712431158045	22.4917224833958	0.000573296465690402	7.17951000944119e-011	3467.58080543086	16.3688235834228	460.047613891227	728.79145852812	29.8755005192721	0.000763815186512321	8.02295654386316e-006	0.161165320081008	9.49601635568809e-008	0.678834638785464	-7.41631405159095e-013	9.4400286241e-008	0.600000006515956	-0.00514180630125039	2.3752847200259	-0.00100697407752094
2016.51774	3008.23426195869	16.3871560041344	404.524703044632	640.442102494587	26.757271004574	0.000683749629120899	9.84581387987763e-011	3783.9385331322	16.1483882795942	525.847356579826	834.555424152467	34.394537592276	0.000880809067291533	7.70384906988467e-006	0.145399886008593	9.40808580637284e-008	0.694600118640258	-7.45374086217545e-013	9.24309912297847e-008	0.600000007411204	-0.00453383044546255	2.37357184463551	-0.000914094890972114
2352.60403	3318.09413361546	16.0772684909779	464.507320180388	738.169387289462	30.9561528405971	0.000794016301099116	1.25402788399243e-010	4086.85259583597	15.8630346196841	587.488258544555	935.403924726594	38.7671628711849	0.000995824861554974	7.51570823986992e-006	0.129659381549942	9.32562210667379e-008	0.710340651284591	-3.63946471202027e-013	9.15755664994499e-008	0.600000009041684	-0.00406121681215928	2.37205858978698	-0.000840349909093477
2688.69032	3616.68259446098	15.6856349969458	521.537704420959	833.216610608749	35.1283618791324	0.000905832932029904	1.53296260506774e-010	4377.76315405673	15.4931854194093	645.236176743608	1032.40052076868	43.0671687584497	0.00111148252855693	7.34617354447059e-006	0.113954894855481	9.23926936673051e-008	0.726045131853598	-1.0868190748179e-013	9.07333073388115e-008	0.600000010213546	-0.00368334370423728	2.37066352254566	-0.00078021624836344
3024.77661	3904.67884084306	15.1764905382442	575.314247383513	926.082634536024	39.3389098759274	0.00102207852463602	1.82691117689864e-010	4657.75371953538	15.0051837826079	699.017623120745	1126.50519337107	47.3812604761184	0.00123125308682918	7.19058377831962e-006	0.0983045023027056	9.15371623286129e-008	0.741695554098293	-7.61463883420447e-013	8.98994335917656e-008	0.600000010657204	-0.00337422190632571	2.36931585791293	-0.000730152412529084
3360.8629	4182.8236839499	14.4911397817706	625.254995342852	1017.55359905271	43.7004070626103	0.00114789575996509	2.147145362824e-010	4927.77364723294	14.3422239714008	748.339532525545	1218.83801913463	51.8384308871112	0.00136079716912993	7.04671187192434e-006	0.0827394881529404	9.06895530150984e-008	0.757260634316643	-5.7730123483715e-013	8.90849585772399e-008	0.600000010685204	-0.00311646200263753	2.36793486369279	-0.000687760169475815
3696.94919	4451.99152944542	13.528597983142	670.170376757266	1108.99361522868	48.4284836991529	0.00129348429105748	2.51846248441009e-010	5188.79189231625	13.4056466929503	791.969370606973	1311.06850608295	56.6688666834781	0.00151082964171567	6.92443378740824e-006	0.0673184184919036	9.00637529371064e-008	0.772681704378866	-3.62054185108094e-013	8.84998401464974e-008	0.600000011581414	-0.00289791038959605	2.36640008860257	-0.000651342948135211
4033.03548	4713.39210739182	12.1088391735191	707.450725322687	1203.08843483572	53.9916479829971	0.00148198591804819	3.00093559548554e-010	5442.01286333394	12.018912388782	827.057436419158	1406.27088881227	62.3542293164408	0.00170494432835364	6.78743714961039e-006	0.052161405723772	8.92297870973066e-008	0.787838732728847	-3.07005567555e-013	8.74815273098377e-008	0.600000012377705	-0.00270961992067161	2.36448622973869	-0.000619652726662063
4369.12177	4969.11995289542	9.92132335390982	730.827526966377	1305.85707818805	61.574816538026	0.00177582275516055	3.75937306495628e-010	5689.35858714533	9.87616103551005	846.680168905926	1511.15627865507	70.0803017139978	0.00200509109754816	6.67273487786558e-006	0.037540486582981	8.88077676479594e-008	0.802459646894839	-6.46082658511809e-013	8.68565141284703e-008	0.600000013101359	-0.00254442226389739	2.36169000571753	-0.000591743772103587
4705.20806	5223.61077494434	6.60867920223123	724.23595965511	1431.80926112484	74.6989542682824	0.00238360610297191	5.37939074443128e-010	5934.6810080824	6.61789725038851	833.106264407145	1641.78043452519	83.2955084955607	0.00261237910740592	6.55769501736135e-006	0.0241111597455909	8.83217331236462e-008	0.815888951738654	-9.85348704096634e-013	8.59974829096567e-008	0.600000013618091	-0.00239594029610021	2.35675729461897	-0.000566969286638396
5041.29435	5486.03192023559	2.72287148177069	652.58489470468	1608.81260907714	104.662940010438	0.0041646011948445	1.0553024587123e-009	6185.84923477962	2.75798321888038	747.568727962708	1829.34591514011	113.029700223665	0.00433615055911682	6.4628989797643e-006	0.0132544508854344	8.75038985410197e-008	0.826745676070485	-5.23289523667152e-013	8.54530589836013e-008	0.600000014534245	-0.00226115258015105	2.34689078283174	-0.000545487237539021
5377.38064	5766.78953986659	0.51451523530177	491.765675122573	1836.25135819435	180.933465829104	0.0109042734617702	3.39829012303859e-009	6452.58569826038	0.527806798688961	562.842580747268	2075.47734404201	189.129333772564	0.0107350536605286	6.39080985495215e-006	0.00637302791743985	8.66936385037744e-008	0.833627112164656	3.60815682335896e-013	8.46719668538325e-008	0.600000015181885	-0.00215149139722004	2.329309595406	-0.000529192519189231
5713.46693	6065.27418376549	0.0530255655914898	304.64890722018	2006.14389192958	348.605840009137	0.0370498844121738	1.53117300899824e-008	6735.95865005907	0.0547166862496126	348.68012532818	2261.87516825922	360.839181197674	0.0356862155736617	6.3267823679675e-006	0.00291421231232899	8.58908898917445e-008	0.837085934966077	1.67488374828743e-013	8.38987774323816e-008	0.600000015467537	-0.0020786170599914	2.30639318927783	-0.000519106528166816
6049.55322	6373.75380445119	0.00502467049656981	169.757731644699	2013.89041487903	630.454063939685	0.120707640301598	6.69171509167678e-008	7031.28528826413	0.00517931332270571	193.897230928778	2267.30599500542	659.117047023543	0.117600740115767	6.30590606682979e-006	0.00132215153663146	8.50956186303903e-008	0.838678009858525	6.32481624485064e-014	8.31335190112291e-008	0.600000014224513	-0.0020195787182583	2.28372922027949	-0.00050969738001948
6385.63951	6686.66173615051	0.000602587127356524	93.2645100611854	1878.67852237893	998.624938803198	0.324639715618799	2.34468843657385e-007	7335.87743049634	0.000619391381531571	106.097962132181	2109.72466485211	1057.65113772499	0.322507826024956	6.39638626912099e-006	0.000599399090696178	8.43078869924708e-008	0.839400745587063	2.64232546394339e-014	8.23763095916822e-008	0.60000001268854	-0.00195110738318404	2.26429725783899	-0.000495635777856112
6721.7258	7001.45718558337	9.1400476866418e-005	51.5424945988362	1661.95037946271	1414.12126263123	0.735852872507656	6.72363723882965e-007	7646.54755754477	9.38033901241626e-005	58.3856821094329	1860.35078817665	1510.59793956505	0.741034650435587	6.75031884769245e-006	0.000271717005855182	8.35279941505048e-008	0.8397284356419	1.18022899205336e-014	8.16275198358596e-008	0.600000012773964	-0.00187632124128624	2.2478248010367	-0.000478455551620777
7057.81209	7317.10713053504	1.56843272310949e-005	28.0386024184165	1403.28837632912	1853.33896242036	1.49686395371828	1.70394997830013e-006	7960.44374534712	1.60979849662245e-005	31.6509285918427	1565.86730964917	1988.83901017191	1.51696147645919	7.68304935931507e-006	0.000123172641551625	8.27567739656229e-008	0.839876979606041	8.30727798225896e-013	8.08881058616035e-008	0.600000013467972	-0.00180186096787776	2.23313688566143	-0.000460565732734434
7393.89838	7633.15393576131	2.6796299461644e-006	14.4310634128281	1122.55169736764	2304.26536136978	2.89237102357071	4.10479540978931e-006	8275.94640067101	2.75184619668908e-006	16.2558965748166	1249.36341299942	2477.84847640608	2.93090943786884	9.9319397793598e-006	5.58349863242156e-005	8.19963494147165e-008	0.839944312049943	-1.26337155078165e-011	8.01604217951963e-008	0.600000014308442	-0.0017304961940906	2.21908835397351	-0.000443111127825999
7729.98467	7949.3747278848	3.88626682682428e-007	6.58782447529836	830.062242420248	2759.92746021123	5.61094151045177	1.01349584246313e-005	8592.3137644563	3.99919206891673e-007	7.42231559080141	922.483758978775	2969.74380302816	5.64502865482321	1.55842775736032e-005	2.5310360514569e-005	8.12524395345692e-008	0.839974839168581	-2.25664348308795e-011	7.94506313367971e-008	0.600000014997976	-0.00166266476210566	2.20445468055933	-0.000426453664028774
8066.07096	8265.63739408343	3.59929504749605e-008	2.33303842243344	532.982877450318	3213.09007565649	11.8407154167706	2.88023125666682e-005	8909.37398277764	3.7959608835969e-008	2.64238996215697	592.954361863604	3457.21960016928	11.6841473975512	3.25998581504377e-005	1.14734504855607e-005	8.05436413491728e-008	0.839988680957527	-7.56684334394076e-011	7.8778028395539e-008	0.600000015656939	-0.0015970963159957	2.1872885885068	-0.000410450647212594
8402.15725	8581.74006194142	9.900399780167e-010	0.436122580606471	245.254462758744	3639.53174629399	32.9858224071506	0.000125945472987938	9228.0166598633	2.1635447553525e-008	0.504385923108243	275.222830384054	3917.91998982307	30.8879417073736	0.0001145195947853	5.20107951791495e-006	7.99635255218407e-008	0.839994955906712	1.80047768473844e-010	7.82331157546408e-008	0.600000016255409	-0.00152651137345507	2.16262761059083	-0.000393202153577322
8738.24354	8896.70721482482	2.47314959617316e-012	0.0222130202456265	56.9946586701302	3859.28133728933	159.242557562523	0.00130017373420047	9554.80555947885	1.02721564077935e-008	0.0259760549171905	64.1615713315808	4182.50042791125	142.310068715297	0.00106050506330011	2.35763770517156e-006	8.06822094760955e-008	0.839997798887159	7.91908557754353e-011	7.87553093123708e-008	0.60000001577089	-0.0014155284475969	2.12300837164961	-0.000363241201803059
9074.32983	9211.89088348126	4.48408732092169e-014	0.00276699407962326	19.8969635132499	3776.09434781913	437.026670494632	0.00597127804725328	9880.15350027783	4.5540136685937e-009	0.00311310523913124	21.9547333059784	4103.57164862748	426.88340200394	0.00544106879624653	1.06873641611374e-006	9.09854637456955e-008	0.8399990774073	3.58923876590639e-011	8.89121581596965e-008	0.600000005655665	-0.00134057292947948	2.09690004334417	-0.000344747201813309
9410.41612	9527.94837329856	4.7327795432828e-015	0.000860042473931668	10.8881243711713	3638.26569646055	741.820931280184	0.013445335105535	10199.4105210493	1.96406433819563e-009	0.000953828509218239	11.9170462241711	3948.96351392546	751.609815089102	0.0126828478847194	4.84458421672903e-007	1.33325075386024e-007	0.83999961931387	1.62704571537396e-011	1.33823615042043e-007	0.599999960756721	-0.00129388017903533	2.08289787984303	-0.000332914056880156
9746.50241	9844.2647705786	9.53643289732375e-016	0.000377923438295287	7.06907107436141	3490.17479285007	1051.82163577056	0.0231689639305857	10516.8030818326	7.89995386461124e-010	0.000416042296397458	7.7007673129602	3781.81164770947	1082.06524253707	0.0211303027516052	2.19610583008879e-007	2.93444549256505e-007	0.839999724004319	7.37541019317602e-012	3.09097113302691e-007	0.599999785492279	-0.00125292267812885	2.07344794717544	-0.000322452848735937
10082.5887	10160.6206915658	2.66893057472626e-016	0.000196881850822378	4.99017628679849	3338.53912623936	1363.64835623499	0.0349590907592248	10833.5144861682	2.57799972178364e-010	0.000215686621674465	5.41754836209427	3611.34942752892	1413.53022475098	0.0258289812765555	9.95549798573401e-008	1.13379879500615e-006	0.839999003720957	3.34335539343481e-012	1.10884574917207e-006	0.59999898574594	-0.00121501668364991	2.06625409653643	-0.00031276539758235
10418.67499	10476.5079597187	9.379160209834e-017	0.000113247587405771	3.69686289390742	3185.38901516427	1675.96769919181	0.0487140662746896	11149.5499003844	1.65318719771607e-011	0.00012361144094719	4.0023812374682	3440.09981682525	1744.56241228044	0.0197349312485827	4.51243965335005e-008	9.18212442506104e-006	0.839991009827204	1.5154349975499e-012	4.42039817694039e-006	0.599995674195604	-0.00117936135862605	2.06039533893024	-0.000303700187291805
10754.76128	10781.3652544387	1.66713005009417e-016	7.02632490027504e-005	2.84247196337797	3035.1233187445	1979.37370532423	0.0627026401675021	11455.9154218549	-9.29548210850122e-011	7.64215103723892e-005	3.06890407224404	3271.36500366064	2067.76321668853	0.00936310190677266	2.04560639595539e-008	0.000185591188700894	0.839814625473248	6.86890102093925e-013	1.44307124206136e-005	0.599985663885331	-0.00113907838830256	2.05554819688113	-0.00029539794472232
11090.84757	10815.4869243349	8.80093914125175e-016	6.18454139197368e-005	2.64128923958707	2977.01987763802	2053.01173226086	0.044921218510401	11536.2569705933	-1.44845121641204e-010	6.59042693016854e-005	2.8158371966885	3173.33317780647	2204.93174678494	0.00227590596521393	9.26922267200185e-009	0.00450432400341975	0.835495903923362	3.16105038511889e-013	2.86141508086242e-005	0.599971480457937	-0.00110456167592641	2.05444151588028	-0.00029239401725535
11426.93386	10220.1229612058	7.69603322061897e-016	0.000116630848449442	3.71373484419463	3120.51443153777	1605.73952357655	0.0170085452259191	11072.6676344886	-1.12188059200084e-010	0.000122875753589229	3.95242030832078	3330.39627727349	1806.34860261794	0.000840305014857563	4.20474795629557e-009	0.0183158120039638	0.821684420936332	6.12387111037261e-013	3.47342877951377e-005	0.599965360320546	-0.0013379106751598	2.06114650846972	-0.000304541448589128
11763.02015	9667.74716945214	1.082107566098e-015	0.000235054011562066	5.37596922603223	3244.61993089354	1198.63082089613	0.00885930547223524	10561.8411513965	-2.22112655811426e-010	0.000252249076447677	5.8086806607362	3513.03868267039	1359.75517041002	0.000547424079669343	1.90409586152909e-009	0.0314008646576529	0.808599370629062	-2.23053240556335e-014	3.74244874998549e-005	0.599962670122255	-0.00143529717102921	2.06904546703156	-0.000319908929114006
12099.10644	9300.33479491343	1.71891239207645e-015	0.000400865057791598	7.08973170275525	3308.90569206982	944.727387545572	0.00577255649564412	10191.025365247	-2.06399472239677e-010	0.000435785582434803	7.73418655279672	3614.16209777861	1066.32686189178	0.000442850999607983	8.6303849905052e-010	0.0416523568077448	0.798347879460923	1.05000028039519e-014	3.89864372394989e-005	0.599961108172392	-0.00148354472676103	2.07534663823136	-0.000332103902321183
12435.19273	9059.80158496044	2.74136150336616e-015	0.000575725293831589	8.52622359557837	3332.15207467415	796.293099649112	0.00431689847628125	9939.30388000607	-2.0919313240537e-010	0.000630611403484215	9.35148202545954	3656.65887303223	892.285632681593	0.000394461572413547	3.90772200908863e-010	0.0499762952416657	0.790023941500793	-2.86278532877308e-015	4.00604747661879e-005	0.59996003413483	-0.00151815457572183	2.07977974045014	-0.000340949627112216
12771.27902	8893.90175311177	3.8911147360281e-015	0.000722199361603902	9.54777758761813	3331.01311224361	710.399525287023	0.00353634726674212	9765.65441870705	-2.1135377897888e-010	0.000794825696123223	10.5078865511429	3665.98041548628	791.404742013875	0.000368884478843939	1.77460279333199e-010	0.0571684483853533	0.782831788577544	-4.85361488065619e-016	4.08864518090942e-005	0.599959208158884	-0.00154730212503898	2.08266940398003	-0.000347346487446928
13107.36531	8770.29824350231	4.87826544212241e-015	0.000824231250650077	10.1766853037025	3315.84130318133	660.313725876318	0.00307501676440001	9639.32554556209	-2.14111916825632e-010	0.000910190005143774	11.2287678389411	3657.24953002934	732.930251600233	0.000354125620877083	8.24026181660419e-011	0.0637168260404158	0.776283411021131	-2.06130889211765e-016	4.15713503431138e-005	0.59995852325293	-0.00157382447560322	2.08445666290849	-0.000352158499988778
13443.4516	8670.38389392693	5.56843195911611e-015	0.000884617538104188	10.5058052099268	3292.56281979871	630.600851691511	0.00277780500788526	9540.69850867515	-2.16927623875891e-010	0.000979493141642701	11.6171633584605	3638.57551793265	698.710971171218	0.000345031600557093	4.80430510751099e-011	0.0699007074637359	0.770099529535994	-1.2813978580616e-016	4.21680099483167e-005	0.599957926591966	-0.00159907195070597	2.0855200228647	-0.000356008811891066
13779.53789	8583.6747048992	5.97063176958302e-015	0.000913573776887796	10.6307334666607	3264.48088818158	612.555629648379	0.00257087781812971	9457.99303604399	-2.19775216588331e-010	0.00101390649091344	11.7789473250575	3614.22346892764	678.412514841328	0.000339173028533811	1.30019369103683e-011	0.0758767526830871	0.764123484584629	-8.36774462701263e-017	4.27043810972503e-005	0.599957390115605	-0.00162378686428615	2.0861287474523	-0.000359300989995127
14115.62418	8504.29966088197	6.15089959561309e-015	0.000921172961343168	10.6239509292181	3233.42318269234	601.305747125869	0.00241702203733814	9384.33807971365	-2.22645359452356e-010	0.00102454148683857	11.7943673240241	3586.44743392237	666.223348348064	0.000335332999923989	2.5356219545864e-012	0.0817322935402698	0.758267944176198	-2.26364380754902e-017	4.31964291740645e-005	0.599956897899961	-0.0016484019495279	2.08645593330708	-0.000362282661673077
14451.71047	8428.96707812557	6.17676094813687e-015	0.000914886611907736	10.5334337661195	3200.40155572063	594.124519767217	0.00229658967971101	9315.78227021357	-2.25551692285641e-010	0.00101966732071351	11.716534038516	3556.45366800052	658.884210850778	0.000332862647317393	2.67568476485884e-011	0.0875160350918626	0.7524842016227	-2.81235414940146e-017	4.3654353079676e-005	0.59995644026017	-0.00167318064358489	2.08660681878281	-0.000365101550016864
14787.79676	8355.8167258518	6.09912966930247e-015	0.000899642594227649	10.3889823154251	3165.97844635331	589.477666968282	0.00219873128343484	9250.0621585226	-2.28482510639565e-010	0.00100474641439322	11.5784314663627	3524.8976621084	654.560753316292	0.000331404840392222	3.04971354534632e-012	0.0932553189100279	0.746744917812995	1.58931966564997e-017	4.40835294778789e-005	0.59995601091974	-0.00169829210385303	2.08664366942648	-0.000367844825261643
15123.88305	8283.77997574778	5.95278690175308e-015	0.000878544376278734	10.2087030508847	3130.46919439614	586.490283511919	0.00211714236467458	9185.87421269717	-2.31479996894639e-010	0.000983221612896703	11.4000971440635	3492.14236617942	652.209272420235	0.000330738905125991	-6.03554250829222e-011	0.0989657081221209	0.741034528127527	-7.92557027719429e-017	4.44890356226562e-005	0.599955605480417	-0.0017238565220363	2.08660306900535	-0.000370564654070972
15459.96934	8212.22531044887	5.76112118964115e-015	0.000853540083116526	10.0036790946857	3094.05273553762	584.652334046851	0.00204794713792279	9122.45560609336	-2.34496995428702e-010	0.000957251441712334	11.1937744569197	3458.39256858839	651.225702148463	0.000330724436793923	-2.23078591894111e-011	0.104656278161564	0.735343960301902	-9.52295049302535e-017	4.48739665872215e-005	0.599955220696018	-0.00174995715503251	2.08650673435909	-0.000373291584102539
15796.05563	8140.76540247173	5.53865596636623e-015	0.000825877212409269	9.78086831854725	3056.83196324368	583.657455909176	0.0019886266853809	9059.34773899539	-2.37569137038346e-010	0.00092821962828967	10.9671496193103	3423.76724947414	651.249840795487	0.000331269302068995	-3.12675531137881e-011	0.110332489467171	0.729667748554661	5.71658222816711e-017	4.52404125682871e-005	0.599954854058525	-0.00177666736429107	2.08636782436823	-0.000376045582088585
16132.14192	8069.15005030766	5.29608076551776e-015	0.000796389832367075	9.54484048871662	3018.86691299319	583.313976972563	0.00193744632079404	8996.26388953358	-2.40703316998564e-010	0.000897050146546561	10.7252621130289	3388.33700222093	652.059390617559	0.00033230319830528	-3.05973568845474e-012	0.11599777326294	0.724002464732056	-3.23880857383263e-017	4.55909554898553e-005	0.599954503532139	-0.00180405160204988	2.0861945915083	-0.000378839992234126
16468.22821	7997.20729614276	5.04052548170354e-015	0.00076566452976953	9.29876475146303	2980.19308753852	583.495786663848	0.00189315161981153	8933.01525043144	-2.43904347556511e-010	0.000864393299811101	10.4716041873623	3352.14442892486	653.511037933128	0.000333777576500422	1.06526180938454e-011	0.121654399387587	0.718345838644483	-5.07038241571714e-017	4.59269994496194e-005	0.599954167440024	-0.00183217115019756	2.08599244420819	-0.000381684723414757
16804.3145	7924.81133548694	4.77735406162736e-015	0.000734135070215172	9.04496292419	2940.83132502888	584.11571875443	0.00185479887149979	8869.46991677546	-2.47157562085935e-010	0.000830728015186794	10.2087182415916	3315.21535290068	655.508135390755	0.000335655216847143	-6.45337339843687e-012	0.12730395033095	0.712696288140037	-2.61640846234121e-017	4.62500884201057e-005	0.599953844361595	-0.00186107846636358	2.08576509808051	-0.000384586587164693
17140.40079	7851.86459034807	4.51089062605062e-015	0.000702135563632338	8.78521896183588	2900.79344151937	585.11045511476	0.00182165674185439	8805.53005379255	-2.5047510820796e-010	0.000796424930509311	9.93856049873702	3277.56516700319	657.982112064771	0.000337907614074733	-1.81896656718065e-011	0.132947583667035	0.707052654371263	-1.03239560387321e-017	4.65615612387584e-005	0.599953533078533	-0.00189083040520569	2.08551520372684	-0.000387552004134487
17476.48708	7778.28728802446	4.24430085083405e-015	0.000669933040337837	8.52096652080492	2860.08549948974	586.431736776941	0.00179314511910571	8741.11887712446	-2.53855498667083e-010	0.0007617799581363	9.662696773127	3239.20221307681	660.882407417509	0.00034051542131316	-1.94252417083973e-011	0.138586185665993	0.701414052613223	-6.32630043721608e-018	4.68620874111995e-005	0.599953232531174	-0.00192148224592312	2.08524473899918	-0.000390586433351676
17812.57337	7704.01143547562	3.98015431172774e-015	0.00063774577383142	8.25339377202643	2818.70966845933	588.041341540619	0.00176879692116158	8676.17313974646	-2.57315676974211e-010	0.000727036448440816	9.38242614510712	3200.12991259088	664.170308761678	0.000343462513207176	-8.24517046644144e-012	0.144220458425606	0.695779779964003	-2.639542820036e-017	4.71528675313263e-005	0.599952941790102	-0.00195309270855113	2.08495521723966	-0.000393695337572781
18148.65966	7628.97703496298	3.72042992867323e-015	0.00060575404213051	7.9835021733373	2776.66507540523	589.908544171055	0.00174823367035593	8610.63850693426	-2.60846406949348e-010	0.000692394896637806	9.09883763629898	3160.34790062494	667.815786552123	0.000346738383649653	4.37377071029318e-012	0.149850975546941	0.690149262482118	1.04821065086408e-017	4.74346884606929e-005	0.599952660034684	-0.00198572102819781	2.08464780237048	-0.000396883854393947
18484.74595	7553.12981371704	3.46660705351642e-015	0.000574110116879378	7.7121644756387	2733.94897641824	592.007259467854	0.00173114498318871	8544.46698266731	-2.64442326613734e-010	0.000658025276894784	8.81287637158619	3119.85290784229	671.794764529452	0.000350336691190173	-4.0883413232397e-012	0.155478215268594	0.684522023132503	8.47221549562816e-018	4.77081687265146e-005	0.599952386533923	-0.00201942645173878	2.08432343358674	-0.000400156692235103
18820.83224	7476.4196192833	3.2199666339795e-015	0.000542941106939487	7.44013568390765	2690.55672903627	594.315739827158	0.00171727847294983	8477.61494701958	-2.68129592559258e-010	0.000624070667235937	8.52536253113866	3078.63926573338	676.087955051838	0.000354254133187987	-1.59511949512427e-011	0.16110258355229	0.678897655286135	-1.82299483364136e-017	4.79740326133821e-005	0.599952120631471	-0.00205427522888517	2.08398282344599	-0.00040351930059784
19156.91853	7398.79934987261	2.98143391893404e-015	0.000512355099562702	7.16808901709485	2646.48253904481	596.814822590614	0.00170642770158937	8410.04210723683	-2.71892457907996e-010	0.00059065341931777	8.23702586446704	3036.69926851091	680.679597012122	0.000358489976813751	-1.34623162081411e-011	0.166724429405244	0.673275809656346	-1.11164661637911e-017	4.82329194934233e-005	0.599951861735827	-0.00209033580383714	2.0836265421673	-0.000406977042970978
19493.00482	7320.22409454259	2.75155949351747e-015	0.00048244292926372	6.89662269820374	2601.71939384594	599.487851365068	0.00169842642851225	8341.71050630231	-2.75744431514645e-010	0.000557876314324094	7.94850879090704	2994.02334556913	685.557099976013	0.000363046541768987	-3.08519296811674e-011	0.17234405719797	0.667656181968161	1.67841453729263e-017	4.84853459687927e-005	0.599951609312691	-0.00212767807540086	2.08325502115519	-0.00041053510299959
19829.09111	7240.65056487921	2.53093520974177e-015	0.000453280753842195	6.62627221815166	2556.25929141392	602.320085068772	0.00169314292278088	8272.58394579703	-2.79692932163924e-010	0.000525826522205864	7.66038809762629	2950.60030652857	690.710298356622	0.000367928699406929	-1.41259057440249e-011	0.177961735303693	0.662038503890115	3.16860739379793e-020	4.87317634279542e-005	0.59995136287049	-0.00216637873745231	2.08286856655974	-0.000414199280524275
20165.1774	7160.03660075563	2.31965313325359e-015	0.000424932364785393	6.35752286470669	2510.09344915921	605.298150393643	0.0016904752610387	8202.62751435616	-2.83728167266895e-010	0.000494577988979108	7.37318502882754	2906.41743650357	696.131078399274	0.000373143491112393	-7.63409520272174e-012	0.18357770127781	0.656422537531688	-2.91901528862429e-017	4.89726954492601e-005	0.599951121965146	-0.00220651894977727	2.08246738566905	-0.000417975575557123
20501.26369	7078.34076360394	2.11782228640865e-015	0.000397450538761883	6.09081560491777	2463.21234538976	608.409853160948	0.00169034841558118	8131.80716852359	-2.87859909650431e-010	0.000464192343965183	7.08737124627377	2861.46056574431	701.813139648448	0.000378700400583955	1.75426526929147e-012	0.189192169241734	0.650808069868525	-1.48080081789314e-017	4.92084807138665e-005	0.599950886184796	-0.00224818495354791	2.08205159181067	-0.000421870249735751
20837.34998	6995.52201559648	1.92534679876776e-015	0.000370878631565775	5.82655477939792	2415.60586815833	611.643800068321	0.00169271155064655	8060.08943666569	-2.92097643071705e-010	0.00043472113857656	6.80337832130629	2815.71413276178	707.751691207584	0.000384611017158147	-2.00647049618274e-012	0.194805332643133	0.645194906430169	-1.57571789122329e-017	4.94395147987756e-005	0.599950655148401	-0.00229146877652877	2.08162121670141	-0.000425889873865523
21173.43627	6911.53943166667	1.74204857398914e-015	0.000345251418213872	5.56511032682456	2367.26328693901	614.989381245631	0.00169753681359977	7987.44111679387	-2.96429675861156e-010	0.00040620696737655	6.52160229879896	2769.16121481148	713.943295074625	0.000390889223337734	-1.74664542322962e-011	0.200417368709565	0.639582870423725	1.37289526912988e-017	4.9666155514427e-005	0.599950428502274	-0.00233647127160986	2.08117620237266	-0.00043004175811241
21509.52256	6826.35192209759	1.56774701159413e-015	0.00032059604354909	5.30682354689981	2318.173311143	618.43657142465	0.00170481804284362	7913.82900289034	-3.00879549224487e-010	0.000378683428335402	6.24240380796748	2721.78348663717	720.3858485858	0.000397551246317234	-1.02110732034634e-011	0.20602844113757	0.633971798056498	1.1387866405623e-017	4.98887555237172e-005	0.599950205916255	-0.00238329858080943	2.08071641372626	-0.000434333348956119
21845.60885	6739.91803576507	1.40197812889316e-015	0.000296933377319128	5.05201423852197	2268.32433152058	621.975406382241	0.00171456928777708	7839.21975406836	-3.05449041564632e-010	0.000352177438115909	5.9661202132472	2673.56125169836	727.078246515564	0.000404615879619951	4.86365526338064e-012	0.211638702501043	0.62836153642314	2.09695863624729e-017	5.01075820240844e-005	0.599949987080391	-0.00243206400722742	2.08024165282718	-0.000438772402248652
22181.69514	6652.19574385529	1.24431902760539e-015	0.000274278046728038	4.80097717691287	2217.70421333597	625.596345020657	0.00172682589616455	7763.57961999308	-3.10135045763697e-010	0.000326709844812853	5.69306575462626	2624.47341749517	734.020377275727	0.000412104368909778	5.16746377905456e-012	0.217248297147495	0.622751941511831	9.5111849307228e-018	5.03229532448458e-005	0.599949771702592	-0.00248289460967983	2.07975162605452	-0.000443367971096544
22517.78143	6563.14222087774	1.09427393973333e-015	0.00025263971255625	4.55399232483315	2166.30060886856	629.289583996688	0.0017416433084181	7686.87429155253	-3.14947208503521e-010	0.000302295352362796	5.42353342107343	2574.49739985271	741.213074342106	0.000420040728781536	-1.74025778473012e-012	0.222857362523215	0.617142875708138	4.31150793565589e-018	5.05351704332076e-005	0.599949559505537	-0.00253592239492415	2.0792459854263	-0.000448128905348706
22853.86772	6472.71365524386	9.51330046995616e-016	0.000232022980700486	4.31131986912347	2114.10071904008	633.045494982791	0.00175909918154329	7609.06864766332	-3.19889515419992e-010	0.000278943417404165	5.15779653633605	2523.60908805659	748.658090807665	0.00042845231978172	1.75986617331987e-011	0.228466031651551	0.611534206512231	1.95444630386114e-018	5.07444394748601e-005	0.599949350225888	-0.00259129388055115	2.07872428512787	-0.000453065286939948
23189.95401	6380.86507194195	8.14818477791291e-016	0.000212428350991212	4.0732078923062	2061.09161479766	636.853957329614	0.00177929319645355	7530.12665670182	-3.24968280181742e-010	0.000256659408429102	4.89611662458761	2471.7827785381	756.357890256204	0.000437369425425527	9.86033720309709e-012	0.234074434115519	0.605925804066991	8.8596878739785e-019	5.09510605066556e-005	0.599949143610147	-0.00264916804012591	2.07818600594852	-0.000458187919571174
23526.0403	6287.55011441111	6.84147001247795e-016	0.000193852513980773	3.8398918692655	2007.26016169377	640.70445918462	0.00180234916384065	7450.01112000309	-3.30190007440347e-010	0.000235444217148892	4.63874028365525	2418.9910492735	764.315752723317	0.000446826330217715	7.05751937107532e-012	0.239682698339734	0.600317539883226	4.01617920119967e-019	5.11552520501939e-005	0.599948939414706	-0.00270971709021675	2.07763054139316	-0.000463508358652886
23862.12659	6192.72084443124	5.58621161432212e-016	0.000176288637669271	3.61159628689027	1952.59309567997	644.585919247977	0.00182841704649916	7368.6834786511	-3.35561543141203e-010	0.000215295043232703	4.38590249075159	2365.20465581855	772.535702667277	0.000456861138886286	9.80087426942141e-012	0.24529095298948	0.594709285246842	1.82057138498967e-019	5.13572665674841e-005	0.59994873740318	-0.00277312916637264	2.07705718971744	-0.000469039162939389
24198.21288	6096.32752448753	4.37543270376053e-016	0.000159726737951316	3.38853607698815	1897.07709725059	648.486511452302	0.00185767558213316	7286.10359567661	-3.41090167682724e-010	0.00019620572094412	4.13782856771248	2310.39239813436	781.022474916996	0.000467516708553893	6.93108502879714e-012	0.250899328670881	0.58910090942863	8.2528198126699e-020	5.15573399283669e-005	0.599948537345062	-0.00283961046417225	2.07646514513206	-0.000474794044762448
24534.29917	5998.31837511422	3.20141179140829e-016	0.000144153878009631	3.17091790963648	1840.69886624869	652.393486675497	0.00189033560076102	7202.22950503047	-3.46783657334324e-010	0.00017816694862723	3.89473490042308	2254.52095782194	789.781514659517	0.000478841192496865	-4.8861887482821e-012	0.256507959582756	0.583492278652307	3.74108131301913e-020	5.17556655068604e-005	0.599948339014297	-0.00290938681443566	2.07585348822112	-0.000480787917730124
24870.38546	5898.63931507089	2.05704306774674e-016	0.000129554668384555	2.95894191777233	1783.44525669872	656.292886181061	0.00192664392469139	7117.01714617952	-3.52650347391803e-010	0.000161166516421454	3.65683042030051	2197.55471673872	798.81894989919	0.000490888340643842	1.78268677860758e-012	0.262116985541618	0.577883252595919	1.69586641923153e-020	5.19524801719471e-005	0.599948142186871	-0.00298270502494667	2.07522117856415	-0.000487036869166715
25206.47175	5797.23368197162	9.34176584297174e-017	0.00011591120014882	2.7528017880616	1725.30338121343	660.169328031547	0.0019668885402882	7030.42009321044	-3.58699257358291e-010	0.000145190160537539	3.42432205305234	2139.45557982262	808.14145839644	0.000503718831009017	2.40247591843545e-011	0.267726553656298	0.572273684328896	7.68752291502542e-021	5.21480219408595e-005	0.599947946640416	-0.00305984080678122	2.07456702698248	-0.000493559045070996
25542.55804	5694.04186285054	-1.75947124019255e-017	0.000103203391928781	2.55268605656332	1666.26067577527	664.005833790492	0.00201140494406108	6942.38910513632	-3.6494005172983e-010	0.000130220635004839	3.19740680073819	2080.18267368626	817.756494042697	0.000517400868881007	1.0598930305101e-011	0.273336820985919	0.566663416761505	3.48482480865462e-021	5.23425223618673e-005	0.59994775215156	-0.00314109406218264	2.07388968982826	-0.000500373758499828
25878.64433	5589.00094018747	-1.28147745802923e-016	9.14091334176654e-005	2.35877866420133	1606.30513300551	667.783385196983	0.0020605835918966	6852.87180488397	-3.71383240333719e-010	0.000116238927709502	2.97628187406638	2019.69213305723	827.672004147705	0.000532011889970786	-2.23097476645431e-012	0.278947957380447	0.561052280590024	1.57970313556415e-021	5.25361745707612e-005	0.599947558494996	-0.00322680068779182	2.0731876330043	-0.00050750279253967
26214.73062	5482.04422123632	-2.39139166630853e-016	8.05045543811199e-005	2.17126018001778	1545.42549032314	671.480530258926	0.00211487921755721	6761.81214917323	-3.78040223701112e-010	0.000103224022984888	2.76114158560581	1957.93675537971	837.896494559524	0.000547639672978431	-1.56749959016583e-012	0.284560147866938	0.555440090501655	7.16092719397357e-022	5.27292029494533e-005	0.599947365441671	-0.00331733259239803	2.07245911350928	-0.000514970040810739
26550.81691	5373.10069925614	-3.5151576895169e-016	7.04639493647629e-005	1.99030794354631	1483.61142961511	675.072984215494	0.00217482263976623	6669.1498379806	-3.8492341214363e-010	9.11530264771654e-005	2.55217863956517	1894.86564216964	848.43895718738	0.000564383154390781	-6.08050676411781e-012	0.2901735968451	0.549826641318833	3.24611206638268e-022	5.29219342343262e-005	0.599947172753986	-0.00341310447138036	2.07170213871767	-0.00052280205435055
26886.9032	5262.09439782885	-4.66232882122872e-016	6.12600385333373e-005	1.81609676108728	1420.85386382359	678.533058832953	0.00224103523229963	6574.81959896524	-3.92046349702917e-010	8.00012344726056e-005	2.34958471527613	1830.4237798218	859.308778358239	0.000582357090996007	6.00201427707109e-012	0.295788532921655	0.54421170503845	1.47149335555587e-022	5.31145003295488e-005	0.599946980189654	-0.00351457961298931	2.07091442441506	-0.000531028367167847
27222.98949	5148.94358637019	-5.84392550674379e-016	5.28641035883678e-005	1.64880002661504	1357.14539322858	681.828772737932	0.0023142465656191	6478.75037509601	-3.99423948694933e-010	6.97426927623804e-005	2.15355565289785	1764.55158143791	870.515471757296	0.000601692235085909	7.97311704124214e-013	0.301405213990984	0.538595024281283	6.67040884412365e-023	5.33071962266675e-005	0.599946787493349	-0.00362227938704702	2.07009334383545	-0.000539682116749708
27559.07578	5033.55977199033	-7.07031045493864e-016	4.52459706719894e-005	1.48858889950047	1292.48054554341	684.923352919493	0.00239531823889131	6380.86414870571	-4.07072561143919e-010	6.03495497806371e-005	1.96428582488594	1697.18430044209	882.068648798779	0.000622539611921235	1.03130703294573e-011	0.3070239342556	0.532976303381023	3.02375434072835e-023	5.35002929942938e-005	0.599946594396274	-0.00373679049907994	2.06923584973444	-0.000548800556253063
27895.16207	4915.84647011683	-8.35452394509561e-016	3.83741599771247e-005	1.33563398371045	1226.85651711225	687.773780190489	0.0024852721549116	6281.07468692196	-4.15010330960201e-010	5.17929765224988e-005	1.781975910629	1628.25142848386	893.977505048846	0.000645074799234303	-2.44705965675244e-012	0.312645033631683	0.527355204391965	1.37052144442906e-023	5.36940701903566e-005	0.599946400612932	-0.00385877825138984	2.06833839684623	-0.000558425855285418
28231.24836	4795.69760876653	-9.70875301299889e-016	3.22160475739762e-005	1.19010503466505	1160.27376050545	690.329593805376	0.00258532856483858	6179.2857695533	-4.23257393607875e-010	4.40425098231803e-005	1.60683008790717	1557.67594312202	906.250456308812	0.000669503048607173	-1.11460167078134e-012	0.318268908979428	0.521731329162674	6.21173677375273e-024	5.38887947636334e-005	0.59994620583632	-0.00398899843551063	2.06739682676836	-0.000568605881419642
28567.33465	4672.99546991947	-1.11477775370375e-015	2.67377741081121e-005	1.05217166184249	1092.73695977857	692.530920574851	0.00269695460772857	6075.38903113566	-4.31836304561938e-010	3.70667282923793e-005	1.43906102950636	1485.37348590513	918.894346590858	0.00069606518872728	-5.10834115027153e-013	0.323896028554055	0.51610420924259	2.81472871695741e-024	5.40849013615271e-005	0.599946009732507	-0.00412831609368465	2.06640622501755	-0.000579395436093657
28903.42094	4547.60795249778	-1.26874543822429e-015	2.19043536825137e-005	0.922002817394629	1024.25603084223	694.306379864664	0.00282192975486271	5969.26101394009	-4.40772361147962e-010	3.08326806657279e-005	1.27888724610222	1411.25138185072	931.913538023324	0.000725048097975842	3.77226141966285e-013	0.329526952888138	0.510473285241152	1.28008286487892e-024	5.42827243424722e-005	0.599945811936735	-0.00427772538447343	2.06536072072938	-0.0005908577292669
29239.50723	4419.38492987771	-1.43459995348469e-015	1.76797717865581e-005	0.799767644467734	954.847773461331	695.569645525055	0.00296243175643876	5860.75941279411	-4.50094270358671e-010	2.53065077751304e-005	1.12653988052234	1335.20758152545	945.308255647189	0.000756797338876552	2.09904797381977e-012	0.335162361139437	0.504837877193184	5.88582770134839e-025	5.44825078234786e-005	0.599945612043304	-0.00443837830631902	2.06425323450999	-0.000603066263731243
29575.59352	4288.15321867889	-1.61443470888899e-015	1.40269749561345e-005	0.685634989373991	884.537769336424	696.215338631386	0.00312115561625534	5749.7178673555	-4.59834766377047e-010	2.0452991788555e-005	0.982261976282643	1257.12941991956	959.07243136118	0.000791725512180121	1.97972632533638e-013	0.340803088182149	0.499197150323129	2.70819402691484e-025	5.46850885542803e-005	0.599945409600636	-0.004611617510651	2.06307511873884	-0.000616107239329097
29911.67981	4153.70953601044	-1.81072269402438e-015	1.09078872144646e-005	0.579773301887202	813.36311073975	696.113035235336	0.00330147853356212	5635.93885063015	-4.70031551996763e-010	1.62358568598035e-005	0.846312518927669	1176.89230073215	973.190265963796	0.000830347494488236	-4.03904156178601e-012	0.346450176715381	0.493550062061277	1.16318510448546e-025	5.48904980244232e-005	0.599945204095349	-0.00479902225167793	2.06181565760832	-0.000630082932034159
30247.7661	4015.81041004391	-2.02641188056822e-015	8.28354024222426e-006	0.482350007436672	741.376095304956	695.098920457442	0.00350769576124966	5519.18362695099	-4.80728473312502e-010	1.26175349830092e-005	0.718968995472645	1094.358318444	987.631056083763	0.000873297067883561	-3.01395412127225e-012	0.352104952426983	0.487895286532351	5.27985796551308e-026	5.5099658726857e-005	0.599944994926334	-0.00500246772827912	2.06046134421187	-0.000645116253582611
30583.85239	3874.1572734931	-2.26515354513109e-015	6.11385011924429e-006	0.3935307404137	668.649538637	692.963481376063	0.00374536649849631	5399.15775654973	-4.91977206553226e-010	9.55923518506887e-006	0.600532644513082	1009.3749528618	1002.34112877271	0.000921381293795739	-3.19924118419407e-012	0.357769133489604	0.482231105649771	2.12260505438358e-026	5.53131640005767e-005	0.599944781399074	-0.00522420739360653	2.05899481037495	-0.000661357189134327
30919.93868	3728.37377464484	-2.5315418155735e-015	4.35797187631995e-006	0.313477722742749	595.284465424857	689.433150895863	0.00402183930437506	5275.48947038745	-5.03839494629212e-010	7.02081952464436e-006	0.491332163555558	921.774125845263	1017.23105045828	0.000975644161906404	-1.35143845664816e-012	0.363444998707272	0.476555240406827	9.25088983120283e-027	5.55318833004532e-005	0.599944562680158	-0.00546698499883372	2.05739318034647	-0.000678991996227961
31256.02497	3577.9699540019	-2.83157607313094e-015	2.9740065244915e-006	0.2423474093854	521.421774134103	684.141657902055	0.00434708374274115	5147.69632826421	-5.16390498315845e-010	4.96064615217965e-006	0.391730626045098	831.372244611623	1032.15465263897	0.00103747308646728	-6.10626891795344e-013	0.369135651885449	0.470864587237236	4.70084884628144e-027	5.57567965156293e-005	0.599944337755682	-0.00573420144368158	2.05562542164977	-0.000698257422023026
31592.11126	3422.28313955543	-3.17334452457212e-015	1.91915564184944e-006	0.180286509710624	447.260726913407	676.583296710544	0.00473507287558064	5015.13154624313	-5.29723728689311e-010	3.33548464776849e-006	0.302132028482924	737.972545487065	1046.87343338087	0.00110877157954483	-2.06466355025363e-013	0.374845455657501	0.465154783476802	1.62829481673077e-027	5.59892015491192e-005	0.599944105355616	-0.00603016001536084	2.05364788651345	-0.000719462432073473
31928.19755	3260.37509480087	-3.56816817010446e-015	1.14972911392162e-006	0.127425623202345	373.089852774619	666.032568728941	0.00520623455350466	4876.89297303097	-5.43959037573026e-010	2.10016322399e-006	0.222991593802313	641.372769485351	1060.99314488043	0.00119226405002929	1.29539390589783e-013	0.380580785205051	0.459419453935319	1.2460234591644e-027	5.62307109050678e-005	0.59994386383749	-0.00636046526770249	2.0513962835251	-0.000743024936380269
32264.28384	3090.84052243922	-4.03255804159864e-015	6.21126453014532e-007	0.0838679171988346	299.342253882154	651.396349414182	0.00579216449967382	4731.65814556837	-5.59256041633027e-010	1.2073460521514e-006	0.154826381685878	541.385455801982	1073.84349749395	0.00129206886517345	-6.23549415338216e-013	0.386351425276195	0.453648813868556	9.40398301707386e-028	5.64835727558148e-005	0.599943610983774	-0.00673270161840596	2.04877005575038	-0.000769536229114138
32600.37013	2911.41779531508	-4.59167528152445e-015	2.87997098486741e-007	0.0496682160364355	226.703914427311	630.916667545427	0.00654572313122728	4577.35828139426	-5.7583923348508e-010	6.07078284011436e-007	0.0982294705649262	437.890600903588	1084.22910308528	0.00141490513037912	-2.82037108382784e-013	0.392173398959171	0.447826840158316	1.03429893746096e-027	5.67509363018168e-005	0.599943343623382	-0.00715773845920346	2.04559865129541	-0.000799885907558026
32936.45642	2718.0969846353	-5.28577270586609e-015	1.04320805790084e-007	0.0247894249742321	156.352280040555	601.498552772481	0.0075661554059437	4410.45246458115	-5.94050804128917e-010	2.46146623388533e-007	0.0538841065036174	330.983036249643	1089.84439175303	0.00157301092796023	-1.27882216319877e-013	0.398075421099283	0.441924818132955	3.6464633555159e-028	5.70377340981491e-005	0.599943056823423	-0.00765268759794012	2.04155770295941	-0.000835532782333761
33272.54271	2502.69340823432	-6.18151122267164e-015	2.39191109651742e-008	0.00899695582405031	90.5749495199747	556.915834053902	0.00907690874533579	4224.00767665921	-6.14483676039783e-010	6.72081916697897e-008	0.0225636790403017	221.463600297652	1085.60331943527	0.00179287988555733	-5.89087646013747e-014	0.404116378003974	0.435883861177699	2.73652011275488e-029	5.73527083607669e-005	0.599942741849285	-0.00824978218831879	2.03591466472159	-0.000879196444685486
33608.629	2244.34713117975	-7.38116284479839e-015	1.75400214424042e-009	0.00154111761714938	34.777109275644	481.753088453007	0.0117640587137758	4001.08693691326	-6.38422534053347e-010	7.44530539317888e-009	0.00499316945794863	113.085305013087	1057.07951836696	0.00215180387538684	-2.76670270465917e-014	0.410446331502675	0.429553907458229	-3.54435960887887e-028	5.77151886541657e-005	0.599942379367932	-0.00903868816719774	2.0265048525151	-0.000937063693407099
