0	1001.04402438969	18.9987090044706	0.179264570459182	0.324024317562147	0.0200161064565565	6.86471784153656e-007	2.12170577704741e-012	1001.05686968103	18.9999998809076	0.178000808723673	0.324001342954477	0.0200000139645309	5.22901992498536e-007	8.84449899942462e-010	0.239999999993347	9.99999990406556e-008	0.600000000006653	9.99999999999996e-013	9.99999990406557e-008	0.6	-0.00523793858016581	2.43846798345594	-0.00222349278000949
66.764066	1148.66113630225	10.8329730302201	55.9545131907229	115.843388604596	6.4590944347909	0.000225447259522791	3.63179560839669e-011	2638.76356051839	6.2460041630481	90.7892937815709	250.065069990942	6.78424010945484	0.000300767596045594	7.39990471759376e-006	0.225505941817975	9.98153677211785e-008	0.614494066720972	-8.54407023351648e-012	9.98155882918358e-008	0.600000000244162	-0.0306958156725839	2.35911501195407	-0.00660126614621456
133.528132	1414.81056774904	10.1178117444413	96.7020633416702	203.960445920393	11.4995474532003	0.000401826176731297	4.00200435226343e-011	3611.23683827725	5.91848805584219	243.629828323966	612.617450549391	23.4775828145651	0.000979455922543792	1.03434303958099e-005	0.210299905533238	9.96310750244055e-008	0.629700119010291	-7.96804898516154e-012	9.96322817463293e-008	0.600000000564996	-0.0277233853527856	2.35579208721703	-0.00467925346246577
200.292198	1708.58009206089	9.39128591413024	140.643179089797	296.502304479312	16.5793548046898	0.00057001247240374	7.56442871965082e-011	4366.72904510845	6.27427817296187	390.468009020438	905.16433911438	40.8149306284797	0.00158307129519234	1.08903085731681e-005	0.195015252034768	9.94471239044275e-008	0.644984772692732	-7.162883231354e-012	9.94501276323443e-008	0.600000000746344	-0.0241870456693395	2.35499103424504	-0.00378975581003981
267.056264	2013.03896392525	8.62941090082717	186.971997778316	394.755301333084	22.0405901578075	0.000754424434394717	1.31796428325355e-010	4988.87198968475	6.32356575537857	511.755369955883	1142.97851098495	55.7646967525559	0.00206133696170362	1.06196300476517e-005	0.179749031545815	9.92635124217317e-008	0.660250993365444	-6.45013038343344e-012	9.92689403366116e-008	0.600000000926809	-0.0214264186962405	2.35387984297056	-0.00328580587435202
333.82033	2320.62088681902	7.77793397327958	232.760762314177	496.868559366875	28.0164955761628	0.000967325867056186	1.97189903539732e-010	5517.52793820992	6.05977816972567	609.065746133148	1347.39647351804	68.8318831858929	0.00248530363413983	1.01837130199856e-005	0.164563901196855	9.90802399510728e-008	0.675436123897565	-5.80244561094802e-012	9.90885718228366e-008	0.600000001106539	-0.0192305595959501	2.35240613997541	-0.00295739282016944
400.584396	2627.11286829793	6.80939654310072	275.711083952185	602.017265233945	34.7043883881604	0.00122438511936054	2.72379745921007e-010	5977.51030692911	5.53918383704325	685.149590037374	1530.66995389931	81.1037685367419	0.00292024523894964	9.78120224596727e-006	0.14951131620226	9.88973058690437e-008	0.690488709075221	-5.20240305715422e-012	9.89089335360336e-008	0.600000001285575	-0.0174382069241672	2.35056101052769	-0.00272353104949267
467.348462	2930.19399726698	5.71008122908034	313.569923457981	710.404791858104	42.4807706969341	0.00155426715533343	3.65999636592242e-010	6385.49819743221	4.7983140467298	740.852245562942	1701.40810593886	93.714834120081	0.00342864694565791	9.44959117283745e-006	0.134657103067525	9.87147095546539e-008	0.705342922392395	-4.6397961039467e-012	9.87299751810471e-008	0.600000001463961	-0.0159505715708989	2.34823453757217	-0.00254678860443633
534.112528	3228.7766258004	4.48826849057295	343.561812468619	823.196061677041	52.0547823130534	0.0020137568453186	4.96959895595761e-010	6753.39969594616	3.87270948809571	774.83179220209	1867.06015803483	107.99853417813	0.00409576148823495	9.18124793420391e-006	0.120098323717338	9.85324503906228e-008	0.719901701924983	-4.10928887502515e-012	9.85516656125867e-008	0.600000001641753	-0.0146983494038449	2.34521148877774	-0.0024074817203384
600.876594	3522.73626899431	3.19784537337726	361.870776842408	942.513310811455	64.7808522508593	0.0027237284587403	7.06838208653628e-010	7090.19416757815	2.82539577419344	783.22246362758	2035.03349630635	125.92106957833	0.00507564659580361	8.96142097870161e-006	0.105984002399878	9.83505277664983e-008	0.734016032338827	-3.57666534113122e-012	9.83739830710376e-008	0.600000001850827	-0.013630413344999	2.34114130976418	-0.00229444485898414
667.64066	3812.84407554372	1.96785644936951	363.453939683051	1070.94086035507	83.268917268107	0.00396041829515583	1.09664499181175e-009	7403.00801757835	1.77910874473599	759.708171794315	2212.50153588138	150.860620936463	0.00669321874216981	8.77827310671216e-006	0.0925354990513314	9.81689410869686e-008	0.747464531104349	-3.17124931742138e-012	9.81969114343656e-008	0.600000001980083	-0.0127100798781448	2.33551587180747	-0.00220128052897653
734.404726	4100.69430112087	0.989135800309525	343.293474339454	1209.22275210339	112.39043391564	0.00638971731514355	1.93539745754857e-009	7697.68408186651	0.914186823081788	697.87169257397	2403.09826972653	188.899254421168	0.00969471442680351	8.62445746166404e-006	0.0800401089592822	9.79876897961174e-008	0.759959909691304	2.2656434024946e-011	9.80204393277628e-008	0.600000002029114	-0.0119152158950549	2.32774982056703	-0.00212477676087629
801.168792	4388.3234679343	0.392406680307626	300.344321821975	1351.0651539994	160.361682909545	0.0116423676546588	3.98247434107613e-009	7978.86082020816	0.368763576949113	597.904341018328	2598.67314015819	250.46623375526	0.0158594304049891	8.49672461698491e-006	0.0687758087613946	9.78067734528283e-008	0.771224259256188	-4.14607853412884e-010	9.78445603295959e-008	0.60000000221063	-0.0112382713395673	2.31747969516512	-0.00206402491837548
867.932858	4677.47842367862	0.126076501155012	241.753111362903	1478.68189530828	238.635883007321	0.0235555076369283	9.38790873020776e-009	8249.82875877539	0.118936479911736	473.750360742085	2771.48718065267	351.123654809359	0.0293650886444247	8.39532508078621e-006	0.0588898661053185	9.76261919684114e-008	0.781110203220427	-1.9221000124641e-009	9.76692734009676e-008	0.600000002543453	-0.0106773991378171	2.3049639186674	-0.00201894949392796
934.696924	4969.07090819899	0.0359850857559245	180.821643263358	1567.77923211593	358.653770432212	0.0501800709144329	2.37967688574771e-008	8513.06903122952	0.0334810859796833	349.590812908538	2880.86470748524	508.957029444629	0.0592365935139139	8.32386606060199e-006	0.0503552597111962	9.74459463104587e-008	0.7896448167346	-2.363447782204e-009	9.74945837953729e-008	0.600000002579646	-0.0102187117872079	2.29116618762361	-0.00198740531945458
1001.46099	5263.16162355502	0.0102171884730065	128.66280074348	1601.62951025535	526.054640934705	0.105664438964333	6.00223641415599e-008	8771.69019416774	0.00923661870116067	245.282078474446	2895.91474885617	737.165539246368	0.122216756752292	8.29095564812674e-006	0.0430389002643571	9.72660403030658e-008	0.796961162727085	-2.77230054424219e-009	9.73205064059683e-008	0.600000002477113	-0.00982886174013682	2.27729786565406	-0.00196293064924739
1068.225056	5559.29609947214	0.00310588577384731	89.0368041252401	1578.59151166652	738.476994598017	0.211249557746909	1.43189227802814e-007	9029.84773633519	0.00270882150040148	167.140083058632	2811.57489969307	1037.16026191851	0.244556018127768	8.31622511089905e-006	0.0367811223409782	9.70864844883839e-008	0.803218940829992	-2.36923286486616e-009	9.71470741394991e-008	0.600000002247393	-0.00947161791097164	2.26417597005229	-0.00193753473512799
1134.989122	5856.95388757014	0.00103000194980917	60.5218254314162	1506.39949393444	989.335919942598	0.397283522983752	3.19046873970522e-007	9291.25442599768	0.000865826738729946	111.805471578104	2642.67790603298	1399.63962391795	0.463520482632982	8.44229830261466e-006	0.0314321454621115	9.69073035871053e-008	0.808567917888026	-2.02472330935199e-009	9.69743538511431e-008	0.600000002075538	-0.00912692430284574	2.25201960311576	-0.00190668513179413
1201.753188	6155.80806070365	0.000367907243144558	40.3405736798046	1394.43141408076	1271.85114273839	0.709228585172204	6.71200816497042e-007	9557.94497402058	0.000298477674716629	73.3931859489739	2409.71077614107	1811.09632450232	0.832290512265863	8.75363955393838e-006	0.0268607790683489	9.67285509645741e-008	0.813139284460081	-1.73028143127292e-009	9.6802475670229e-008	0.600000001952959	-0.00879040943301717	2.24066860750351	-0.0018700393819782
1268.517254	6455.71984777049	0.000138357996070826	26.1128434897289	1250.58514300303	1580.3929818424	1.22088840880835	1.3600666217848e-006	9830.45409254797	0.000108457733018846	46.8859237094369	2130.59714165316	2258.85757368718	1.43239284192083	9.41175801466188e-006	0.0229541758759607	9.65503383858529e-008	0.817045887830449	-1.47879456939146e-009	9.6631690434672e-008	0.600000001872142	-0.00846386065333374	2.22980927341281	-0.00182919096016884
1335.28132	6756.6394151247	5.34720037034386e-005	16.1411434979973	1081.00257919745	1910.38864025629	2.06350232310295	2.71856693327879e-006	10108.5526179906	4.0490017436372e-005	28.7050147033337	1818.82075915025	2732.81035082827	2.40110535130259	1.0737682185053e-005	0.0196157210408977	9.63729022702685e-008	0.820384342843335	-1.2635087665061e-009	9.64624906732643e-008	0.600000001826356	-0.0081491418891127	2.2190573693318	-0.00178590699381976
1402.045386	7058.53113544308	2.0706833916287e-005	9.26868650808334	890.536860849367	2257.88572549202	3.49809027018544	5.52075789722773e-006	10391.8072939927	1.51036436247404e-005	16.4213475905789	1484.15051060169	3225.20360200024	3.99595866949779	1.34336552488142e-005	0.0167628033005443	9.61967679316339e-008	0.823237260759587	-1.0798897654348e-009	9.6295891412399e-008	0.600000001809137	-0.00784618808078209	2.20792843312004	-0.00174149112712576
1468.809452	7361.33410575751	7.78624982605001e-006	4.7055894199619	683.351839144786	2618.89094024197	6.13019192367781	1.18975766147232e-005	10679.8943619387	5.42738101763695e-006	8.3925128936354	1133.95693677892	3729.68156056854	6.77211786089035	1.9285803597146e-005	0.0143248124022332	9.60232253028292e-008	0.825675251831424	-9.22855081457731e-010	9.61341803244885e-008	0.60000000181374	-0.00755223835987716	2.19569343182483	-0.00169664299864072
1535.573518	7664.92280645189	2.69720776600888e-006	1.90202648664686	463.98942867506	2987.5782771988	11.7376275925686	2.95439281304669e-005	10972.9048534227	1.75546842624234e-006	3.49318206350379	775.005276891293	4239.32009163314	12.1990686886647	3.40623617019344e-005	0.0122414033091697	9.58560838421426e-008	0.827758661092079	-7.88727391502436e-010	9.59833997735945e-008	0.600000001830058	-0.0072596746698876	2.18095631832334	-0.00165108602688317
1602.337584	7968.9409520708	7.57892534595883e-007	0.462840979232229	242.121077979558	3346.65886918351	28.136171662134	0.000103933079634698	11272.515973638	4.14493246106644e-007	0.934811995441153	419.346766716364	4738.47606094765	25.7867768006003	8.63675144798558e-005	0.0104610061626325	9.57115345768299e-008	0.829539058383155	-6.73963637569328e-010	9.58651843989821e-008	0.600000001833552	-0.00694590459081891	2.16018126802432	-0.00160008262459189
1669.10165	8271.50564941155	1.34664140405513e-007	0.0374736897379115	70.4947611304187	3588.04898770959	109.994215665095	0.000783436166452447	11590.9473621013	-8.89513380624306e-010	0.0909932371307088	131.161009381609	5136.00212071607	81.8894706939252	0.000470538183723908	0.00893955097030385	9.57315638785236e-008	0.831060513555581	-5.75866532414295e-010	9.59274084322894e-008	0.600000001673355	-0.00653652429478967	2.12621693705173	-0.00150375624703656
1735.865716	8571.832091191	3.18923944309118e-008	0.00518825893334647	22.9885351897761	3562.77750701188	332.825998482944	0.00413424906059699	11932.876546389	-6.06374781733535e-008	0.00865783044395544	38.2460541721283	5209.40540552449	277.365752526789	0.00288846476867663	0.00763937713982654	9.70217903770068e-008	0.832360686095604	-4.92157421645684e-010	9.74759954753718e-008	0.600000000040991	-0.00613892657318116	2.09811204721978	-0.00140291632293638
1802.629782	8875.1380232137	1.28167612474168e-008	0.00242514944511601	12.2096372454735	3463.94042055697	594.031689716951	0.00996989000014559	12261.5505867442	-6.162565906178e-008	0.00306218953062864	19.1323820217325	5092.27264062506	581.731491856932	0.00839042034530863	0.0065283013942205	1.01896157965758e-007	0.833471756967742	-4.20585728080861e-010	1.04588602762592e-007	0.599999992856792	-0.00586535877599598	2.08321154451847	-0.00135573804995641
1869.393848	9180.62354069831	6.31681211485746e-009	0.00165985677009601	7.88142583072924	3351.88998439457	863.14328979932	0.0177224020981724	12581.8080141125	-5.57339857277183e-008	0.00186318297220896	12.0386847716256	4916.50859064314	927.592825405017	0.0164634527777541	0.00557882119311031	1.13415463600978e-007	0.834421225649461	-3.59415794764181e-010	1.24191643857756e-007	0.599999973192606	-0.00565818753050736	2.07343821833856	-0.00131887021564224
1936.157914	9487.53863334975	3.42820756342362e-009	0.00128066908280829	5.57040637553209	3233.23557317659	1137.56527803704	0.0272722728505947	12898.1878051569	-4.8931722470832e-008	0.0013631459435897	8.37292041860154	4720.26266161952	1288.0662507478	0.0264512633778601	0.00476743398077398	1.37261351504062e-007	0.83523258901589	-3.07142033032551e-010	1.70573546668147e-007	0.59999992675842	-0.00548355752171763	2.06608410927726	-0.00128558686157207
2002.92198	9795.54420261909	1.96690603576532e-009	0.00103714422761893	4.14133560440982	3109.69532616414	1416.52391907405	0.0386117598921982	13212.4321461721	-4.24609251060763e-008	0.00107445290135359	6.14952811163446	4515.86987396826	1653.88844753542	0.0372792425120783	0.00407405542746168	1.86577463035834e-007	0.835925918253117	-2.62471130869037e-010	2.81132049646576e-007	0.599999816155245	-0.00532665656299713	2.0601247032367	-0.0012545375690366
2069.686046	10104.4283834478	1.16996068138648e-009	0.000860549964495815	3.17659456182512	2982.1980166086	1699.39684143028	0.0517798967205885	13525.433758263	-3.66386553766915e-008	0.000877740986227835	4.66988266312699	4307.95748618207	2021.66995346754	0.0462758361938397	0.00348152228070946	2.97347952237465e-007	0.836518340629379	-2.24297485267968e-010	5.61833803277049e-007	0.599999535415305	-0.005181615853301	2.05506818746689	-0.00122522890130018
2136.450112	10414.0336896744	7.13659321343573e-010	0.000724186147865857	2.48655892855463	2851.40046315543	1985.63827214508	0.0668483108681018	13837.6975225452	-3.15185373173507e-008	0.000731358157137039	3.62406133222945	4098.55369591006	2389.99341543357	0.0480812011879734	0.00297516752209783	5.89073401055418e-007	0.837024403662543	-1.9167584025645e-010	1.2770733800691e-006	0.599998820143089	-0.0050457922764854	2.05063916766102	-0.00119740554083317
2203.214178	10724.2119663158	4.43409006658257e-010	0.000615017471320081	1.97263729632745	2717.81745757082	2274.75932619053	0.083910709602865	14149.4949094181	-2.70665121552567e-008	0.000616842409130036	2.85328751006876	3888.70042052285	2758.1398195052	0.0405932442215436	0.00254245731344875	1.5697102824972e-006	0.837456133234311	-1.6379841695408e-010	2.86032276920062e-006	0.599997236865836	-0.00491763625245489	2.04666703405203	-0.00117090565592509
2269.978244	11034.6849236299	2.79365401902582e-010	0.000525625476630439	1.57858954697123	2581.91971428628	2566.20597114364	0.103015450508363	14460.7854413071	-2.32195778646236e-008	0.000524504363779996	2.26793573312892	3679.03749100786	3125.55922959497	0.0292538908011564	0.00217268074576809	6.20190300348113e-006	0.837821277609277	-1.39974091452468e-010	5.92107106817711e-006	0.599994176093712	-0.00479538246225978	2.0430400019608	-0.00114562680861109
2336.74231	11343.8740395115	1.78017879692462e-010	0.000451393805897429	1.2709161866816	2444.59927631396	2858.30996271792	0.123403068795853	14769.5460010907	-1.99092865395994e-008	0.000448756147339995	1.81500658292421	3470.25373752604	3490.70113196698	0.0174066378587307	0.00185668471130456	3.93318307452036e-005	0.838104143716001	-1.19612682939528e-010	1.13685774701237e-005	0.599988728566965	-0.00467009655960544	2.03969996471443	-0.00112165652809144
2403.506376	11638.7521392986	1.15057345401609e-010	0.000389782249293387	1.034884035551	2311.01354433422	3139.23576109714	0.138009767281763	15056.2863280567	-1.70776506913694e-008	0.000387280316407346	1.47086917459253	3265.33256109214	3841.52328769213	0.00736722553555152	0.00158664733597185	0.000319611739710107	0.838093901182367	-1.02213281908297e-010	1.84862474704591e-005	0.599981610879569	-0.00448131269106366	2.03676812222832	-0.00110026368069246
2470.270442	11874.9257285397	7.65071859247999e-011	0.000340076245192187	0.872442691794671	2197.12398877074	3370.52983207627	0.13584351389578	15267.4586847284	-1.46758372765254e-008	0.000339866445131216	1.23320669081941	3075.92236804406	4139.52196827825	0.00254645191811573	0.0013558843638986	0.00157316752252093	0.837071108371634	-8.73451862726099e-011	2.32198896469263e-005	0.599976877222521	-0.00422394940452086	2.03456761095101	-0.00108399873680881
2537.034508	12001.5515682271	5.30532022717095e-011	0.000301256774747246	0.77974815290837	2118.38645329816	3511.36499467392	0.116691973202252	15382.7033401785	-1.25568181378363e-008	0.00030321314966046	1.08781048362713	2920.21035986308	4353.66642465813	0.0013291850345969	0.00115868371432476	0.00455292900951276	0.834288547464902	-7.55813788661799e-011	2.58261871221866e-005	0.599974271033998	-0.00408752582364678	2.03321466924816	-0.00107397972452232
2603.798574	11985.8238543151	3.88500806657967e-011	0.000271741806294503	0.749857684072686	2083.51622048119	3536.79974385193	0.0817924321428411	15411.6994649901	-1.04435861784172e-008	0.000274208649932872	1.01628253209542	2810.08971060419	4474.34330911324	0.000825729076924016	0.000990164036654246	0.00968599630586379	0.829323999785527	-6.31477524495143e-011	2.75097853747683e-005	0.59997258748272	-0.00424026682644591	2.03271284437214	-0.00106997186906697
2670.56264	11834.2777553651	2.98967373921721e-011	0.000249154341812986	0.77117519556226	2087.50033624059	3455.04777410207	0.0504445719093482	15374.3552177326	-1.07264364459079e-008	0.000251179142531885	1.01375311819894	2756.86322970698	4501.02368494517	0.000592505324362366	0.000846153940301464	0.0168062028611365	0.822347803314303	-5.97037580600701e-011	2.86759563966627e-005	0.599971421468235	-0.00459294192717447	2.03302686021043	-0.00107179507002405
2737.326706	11617.7491327617	2.35101336264093e-011	0.00023015876978496	0.815841039498226	2106.17041335597	3325.64377843933	0.0335049657251478	15290.3079227548	-4.91229477109426e-009	0.000232040651058239	1.0590602870499	2755.91713820684	4451.76495903108	0.000465937945062345	0.000723088784901934	0.0248618322049783	0.814415239058892	-2.90578279634193e-011	2.95499742502847e-005	0.59997054744004	-0.00491291281302925	2.03382062613145	-0.00107797989513075
2804.090772	11388.9642267278	1.85332371639597e-011	0.000212912140039044	0.864467181575349	2123.69333356063	3190.95280659432	0.0246535060915593	15181.7501191551	-5.80557582854113e-009	0.000215064474828291	1.12614995982447	2787.11695152664	4359.18045883901	0.000388626732497852	0.000617922307678482	0.0330751263178265	0.806307111518968	-3.37691662955659e-011	3.02379068709201e-005	0.59996985950219	-0.00514251031360496	2.03476526208047	-0.00108615400567523
2870.854838	11168.2281452088	1.45608149892387e-011	0.000196807352199226	0.909419923201721	2135.35501894414	3066.02594532376	0.0194947281131554	15065.2401513194	-4.73244576659966e-009	0.000199417638440248	1.19847382296868	2831.06744062838	4250.7223522965	0.000337794573082109	0.000528051326115012	0.0411409548800465	0.79833115396493	-2.44413380874075e-011	3.07993969419634e-005	0.599969298006717	-0.0053116634087729	2.03569225685305	-0.00109498640851252
2937.618904	10962.0352170041	1.13779371278426e-011	0.000181659068927826	0.947812815599667	2140.40185948763	2954.96518750093	0.0161828814067607	14949.8586197857	-3.88041422907943e-009	0.000184774976846512	1.26743911417586	2875.73530575906	4142.6424201381	0.00030242709433014	0.000451251180392039	0.048961947914558	0.790586960957173	-2.33314272731408e-011	3.12709327391442e-005	0.599968826466717	-0.00544678098320204	2.0365324919865	-0.00110383136002398
3004.38297	10771.8058923523	8.83896581067965e-012	0.000167405890922092	0.978472493281256	2139.14950610253	2858.2107528504	0.0139002222690041	14839.8765980099	-3.24326359251876e-009	0.000171009524762773	1.32857528227015	2915.05767289806	4042.93819286288	0.000276704885988805	0.000385620958054558	0.0565191675924271	0.78309537204942	-1.95515271479473e-011	3.1675799691755e-005	0.599968421414532	-0.00556276589297642	2.03726031818376	-0.00111237985561247
3071.147036	10597.0017109926	6.82690998079274e-012	0.000154021752011673	1.00099136964545	2132.17143818032	2774.93747391012	0.0122430930889154	14737.045954941	-3.04819575317962e-009	0.000158065860708539	1.37957256628242	2946.46029900399	3954.94437367031	0.000257324302470531	0.000329536235724002	0.0638238548662921	0.775846769488268	-1.78408068994778e-011	3.20298509708651e-005	0.599968067081002	-0.00566753913361167	2.03786890824549	-0.0011204917434485
3137.911102	10436.3231463326	5.24435088029545e-012	0.000141488173993084	1.01540138424529	2120.07486899398	2703.89239923855	0.0109924255149095	14641.8731761687	-2.65234778424066e-009	0.000145912681344715	1.41938390799567	2969.17763001692	3879.61082684689	0.000242291064663482	0.000281608335761144	0.0708984402151436	0.768820111770267	-1.52472315805238e-011	3.23446300587769e-005	0.599967752457036	-0.00576539259891566	2.03836006608677	-0.00112811221959151
3204.675168	10288.219033197	4.00841885835158e-012	0.00012978496826603	1.02202280745367	2103.43459223053	2643.72284021665	0.0100199210675231	14554.2555206883	-2.3134344066169e-009	0.000134524933107148	1.44776311598603	2983.32334829747	3816.72792258593	0.000230351446171277	0.000240650906572545	0.0777685312542072	0.761990978502096	-1.3031364520866e-011	3.26273670320053e-005	0.59996746962881	-0.00585877509299741	2.03873966998422	-0.00113523076446205
3271.439234	10151.1167680504	3.04972951362793e-012	0.000118887626561982	1.02136898509858	2082.77272214515	2593.11525708398	0.00924575017335171	14473.7950244436	-2.02207725958886e-009	0.000123877043605339	1.46498955349574	2989.40934373974	3765.553224402	0.000220672815148235	0.000205650562658383	0.0844594190611488	0.755335091060955	-1.11367357334161e-011	3.28842256315055e-005	0.599967212733937	-0.00594918590024975	2.03901544168042	-0.00114186052902535
3338.2033	10023.5267022503	2.31072073250985e-012	0.000108767375775105	1.01407474546515	2058.55391852547	2550.85397292116	0.00861775425903437	14399.9577007849	-1.77351888220601e-009	0.000113941460931504	1.4716837586142	2988.10240135673	3725.12875190772	0.000212688645208819	0.000175740752845192	0.0909945939632335	0.748829825852137	-9.51944864686524e-012	3.31195219998828e-005	0.599966977346409	-0.0060376164345543	2.03919576469005	-0.00114802749241099
3404.967366	9904.08583658772	1.74426495847524e-012	9.93911122894159e-005	1.00084109403379	2031.18673850746	2515.84253763552	0.0081004766935058	14332.1574943873	-1.56012093035306e-009	0.000104688387404547	1.46867638273332	2980.10261787652	3694.44165891848	0.000205999925398847	0.000150180719066459	0.0973951984889597	0.742454781655793	-8.13273509377778e-012	3.33367579683706e-005	0.599966760045562	-0.00612477362512462	2.03928903262155	-0.00115376433776953
3471.731432	9791.57129260863	1.31227382429066e-012	9.07229062898498e-005	0.982392593982139	2001.02755670764	2487.1070161561	0.0076690276780392	14269.8020486472	-1.37734351158717e-009	9.60856166513322e-005	1.45691259950381	2966.08409123312	3672.50488366865	0.000200320286972794	0.000128338025985632	0.103679926676099	0.73619189544237	-6.94979035982473e-012	3.35387783620871e-005	0.599966558153863	-0.00621119800245988	2.03930328295394	-0.00115910701924671
3538.495498	9684.8983673401	9.84347954794331e-013	8.27257211061985e-005	0.959446342101845	1968.38571142035	2463.78999965321	0.00730543719531527	14212.3179648656	-1.22148069442654e-009	8.8100734162496e-005	1.43738240798452	2946.66758493733	3658.3963386478	0.000195444418214911	0.000109672801906598	0.109865134207887	0.730025353552117	-5.94020826768535e-012	3.37269840349007e-005	0.599966369538005	-0.00629732325861187	2.03924599448396	-0.00116409212954257
3605.259564	9583.11164798346	7.36380629700083e-013	7.53595133733277e-005	0.932689368779858	1933.52866763639	2445.1411635089	0.00699645569883195	14159.1645173886	-1.08803804814389e-009	8.06997537863251e-005	1.41107155816209	2922.41010952063	3651.27556604955	0.000191209008571347	9.37218380497296e-005	0.115965039476938	0.723941399447579	-5.07627098473308e-012	3.39042137282725e-005	0.599966192478566	-0.00638351743525043	2.03912398632359	-0.00116875597197931
3672.02363	9485.37272119358	5.49557522666519e-013	6.85861180154231e-005	0.902765446532488	1896.68728429436	2430.50577065391	0.00673210719366684	14109.8404348792	-9.74174607117511e-010	7.38494524957589e-005	1.37892853195471	2893.80302498742	3650.38876086934	0.000187501063590809	8.00908828315029e-005	0.121991952479337	0.717928117496323	-4.33795947999219e-012	3.40708649692465e-005	0.599966025574751	-0.00647009818776554	2.03894337713163	-0.00117313311190816
3738.787696	9390.94716096322	4.09232440817972e-013	6.23663593905829e-005	0.870265728614807	1858.06042898386	2419.31366304341	0.00650477325763125	14063.8865081967	-8.7711368840954e-010	6.75166588161813e-005	1.34184288170928	2861.27471816279	3655.06711490371	0.000184225458822291	6.84424110857355e-005	0.127956508508683	0.7119752100655	-3.70703265434076e-012	3.42285529320754e-005	0.599965867666529	-0.00655735277039259	2.03870958191703	-0.00117725652438815
3805.551762	9299.1917507234	3.04123308142451e-013	5.66625738638084e-005	0.835726102342602	1817.81939848342	2411.06830245079	0.00630854950191263	14020.8856308954	-7.94496116442393e-010	6.16690026496983e-005	1.30063380814167	2825.19534033559	3664.72190601633	0.000181314050317502	5.8488079466634e-005	0.13386788556229	0.70607378733055	-3.16788904914752e-012	3.43782978071724e-005	0.599965717790533	-0.00664554239040219	2.03842733645464	-0.00118115673067344
3872.315828	9209.54247635597	2.25580726970295e-013	5.14381129152001e-005	0.799626196863269	1776.11171089423	2405.33699880372	0.00613881284651805	13980.4612717918	-7.24283069240937e-010	5.62750748332996e-005	1.2560446712226	2785.88233802748	3678.83803285528	0.000178708748856568	4.99815828242833e-005	0.139734003311114	0.700216176147744	-2.70712784210249e-012	3.4520987272657e-005	0.599965575134593	-0.00673491206006123	2.03810073014	-0.00118486213511132
3939.079894	9121.50353915176	1.6701907946356e-013	4.66582126409683e-005	0.762392189909622	1733.06449190461	2401.74199554558	0.00599190612947173	13942.2749266878	-6.64735262101777e-010	5.13049713856486e-005	1.20874215589415	2743.60606076433	3696.96718474055	0.000176366394887765	4.27122098092826e-005	0.1455617003036	0.694395748528897	-2.31339588612911e-012	3.46571252547316e-005	0.599965439011676	-0.00682568766046834	2.03773325810876	-0.00118839803856076
4005.84396	9034.63770628278	1.23426327917419e-013	4.22889353907576e-005	0.724398150109693	1688.78749313726	2399.9525391469	0.005864926393005	13906.0233058928	-6.1436863806888e-010	4.67293393720048e-005	1.15932013963854	2698.59547704909	3718.72015105255	0.000174251756176156	3.65001140382293e-005	0.151356889573475	0.688606771324947	-1.97694033532744e-012	3.47873088143172e-005	0.599965308833001	-0.00691809826929285	2.0373278409997	-0.00119178901497838
4072.608026	8948.55742491631	9.10349252296861e-014	3.82991478016836e-005	0.685973047645043	1643.375674875	2399.67783832973	0.00575554676801631	13871.4348992778	-5.7189587370015e-010	4.25210327885083e-005	1.10830254900757	2651.04295173842	3743.76077033937	0.000172336015833403	3.11915087873507e-005	0.157124695200861	0.682844274312088	-1.68939791496374e-012	3.49120412467986e-005	0.599965184091336	-0.00701235344209143	2.03688690562108	-0.00119505586529499
4139.372092	8862.91722730536	6.69980227953854e-014	3.46590260962132e-005	0.647402814514261	1596.91146280962	2400.66100288836	0.00566190847963548	13838.2668783236	-5.36218567431335e-010	3.86538875792719e-005	1.05615080414675	2601.10900482372	3771.79912065231	0.000170595809997094	2.66550720924378e-005	0.162869570751374	0.677103935224109	-1.44369524390113e-012	3.50317902372458e-005	0.599965064345888	-0.00710866853344176	2.03641239175786	-0.00119821856991804
4206.136158	8777.40684985344	4.91811067180902e-014	3.1340665836902e-005	0.608936279626532	1549.46679027778	2402.67348859625	0.00558252459623066	13806.3017990236	-5.06394577204414e-010	3.51033318121566e-005	1.00326927632017	2548.9262741058	3802.58600254933	0.000169012164638629	2.27782809379765e-005	0.168595402239073	0.671381980345658	-1.23372586481043e-012	3.514684680917e-005	0.599964949211767	-0.00720725499159042	2.03590580880805	-0.00120129492472189
4272.900224	8691.74521604332	3.5989533929475e-014	2.83182001113533e-005	0.57078931130714	1501.10486308608	2405.51029087009	0.00551621398459429	13775.3445231455	-4.81383181061007e-010	3.18463351104943e-005	0.950011888022483	2494.60311961224	3835.90765327285	0.000167568882700675	1.94654319230641e-005	0.174305597826639	0.665675097357846	-1.05525028604256e-012	3.52579007727714e-005	0.599964838348903	-0.00730832522175884	2.03536826415896	-0.00120430102619006
4339.66429	8605.67508246381	2.62289377029448e-014	2.55675308000666e-005	0.533148684948198	1451.88164601117	2408.98581890906	0.00546205151329951	13745.2192660022	-4.61126869859344e-010	2.88612162875141e-005	0.896688641028292	2438.22677021713	3871.58103173185	0.000166253502214393	1.66343951966644e-005	0.180003165445801	0.659980360674454	-9.02452329855763e-013	3.53645877444317e-005	0.599964731457888	-0.00741209974988589	2.03480047897218	-0.0012072521213204
4406.428356	8518.95821818698	1.90117976365701e-014	2.30661555169738e-005	0.496176428388605	1401.84730204212	2412.92997708226	0.0054193283528509	13715.766782345	-4.4442333684892e-010	2.61278260741218e-005	0.843570156120568	2379.86598415648	3909.4497379078	0.000165054125674966	1.42150018668923e-005	0.185690780851198	0.654295165082582	-7.69749486761929e-013	3.54680964749136e-005	0.599964628268711	-0.00751879983042966	2.03420282646866	-0.00121016158981705
4473.192422	8431.37109420468	1.36777051427476e-014	2.07935198186616e-005	0.460012738075416	1351.04741021298	2417.1848031179	0.00538752569690882	13686.841767053	-4.30646403069516e-010	2.36273560590475e-005	0.790894417598239	2319.57347757309	3949.38010436243	0.000163963451119979	1.21476096496316e-005	0.191370846740775	0.648617166469996	-6.55659172432439e-013	3.55677005336159e-005	0.599964528542233	-0.00762865991115627	2.03357532686804	-0.00121304233953681
4539.956488	8342.7008831464	9.73457752307173e-015	1.87303017539438e-005	0.424779291733326	1299.5241320702	2421.60126116621	0.00536629403618828	13658.3103438606	-4.20336322487384e-010	2.13422800330786e-005	0.73887087698852	2257.38793876163	3991.25787993827	0.000162972703607293	1.03808245129579e-005	0.197045546766399	0.642944233426576	-5.61056987318471e-013	3.56642127631205e-005	0.599964432060124	-0.00774192476377745	2.03291766406184	-0.00121590630823128
4606.720554	8252.74174684466	6.81916660135622e-015	1.6858945971665e-005	0.390581795841165	1247.31723319619	2426.03639343046	0.00535544062098515	13630.0476727374	-4.12151612484109e-010	1.925629971635e-005	0.687684518633023	2193.33580353955	4034.98517415514	0.000162076312488463	8.87101862770591e-006	0.202716891759158	0.637274398107963	-4.78800704399236e-013	3.57576671087791e-005	0.599964338625051	-0.00785885300901254	2.03222918198132	-0.00121876479632136
4673.48462	8161.29128390342	4.66143797986797e-015	1.51631434514502e-005	0.357512309474686	1194.4651455291	2430.35041944689	0.00535492228231756	13601.9356571646	-4.06127187528085e-010	1.73543133128303e-005	0.637500256680937	2127.43283141885	4080.47759134674	0.000161269349850952	7.58081909033312e-006	0.208386763614957	0.631605816532855	-4.08634935612442e-013	3.5848187294301e-005	0.599964248056629	-0.00797972137182941	2.03150887473421	-0.00122162866841885
4740.248686	8068.14703817291	3.06162335272304e-015	1.36278427020372e-005	0.325651105846061	1141.00584194488	2434.40421877834	0.00536484476546545	13573.8606369815	-4.01824230898071e-010	1.56222838001599e-005	0.588465413786643	2059.68544912118	4127.66167169926	0.000160547802360128	6.47825671196235e-006	0.214056955362092	0.625936727395758	-3.47733373159054e-013	3.59360637835946e-005	0.599964160188523	-0.0081048283654267	2.03075536393094	-0.001224508734345
4807.012752	7973.10297334241	1.87194037705628e-015	1.22392229051917e-005	0.295068457913852	1086.97793910817	2438.05635100886	0.00538546644830143	13545.7111148562	-3.99238617731977e-010	1.40471793436328e-005	0.540713386935723	1990.09200158823	4176.47231668988	0.000159908830669878	5.53605942062967e-006	0.21972920952178	0.620265415462	-2.95483150626327e-013	3.60213837504361e-005	0.599964074867305	-0.00823449788058295	2.02996687321189	-0.001227415663011
4873.776818	7875.9457761177	9.8302015328439e-016	1.09845052302264e-005	0.26582593827563	1032.42164011088	2441.16034785658	0.00541720937030381	13517.3753503244	-3.98351303964471e-010	1.26168878512982e-005	0.494365510362948	1918.6438533474	4226.85036641748	0.000159350520344768	4.73088663681562e-006	0.225405255969709	0.614590174160334	-2.5289438672273e-013	3.61043081599436e-005	0.599963991949765	-0.00836908393002589	2.02914118245912	-0.00123036030117245
4940.540884	7776.45086752257	3.14240821007956e-016	9.85193734870961e-006	0.237977593736104	977.379837304937	2443.56161340143	0.00546067658879258	13488.7388090945	-3.98877851008885e-010	1.13201411391488e-005	0.449533586116734	1845.32646720314	4278.74004967972	0.000158872054555167	4.04282186112178e-006	0.231086850561944	0.608909267703932	-2.14886163514284e-013	3.61849475497358e-005	0.599963911301515	-0.00850897847045414	2.02827556510712	-0.00123335407059794
5007.30495	7674.37793352552	-1.94769505906845e-016	8.83063539985096e-006	0.211570853442174	921.899319507003	2445.09400252586	0.0055166782467292	13459.6813411931	-4.01855528561929e-010	1.01464418800673e-005	0.406321364459217	1770.12043879418	4332.08632088484	0.000158473315630285	3.45481554524359e-006	0.236775816096481	0.603220890146703	-1.90146612487476e-013	3.62634652315644e-005	0.599963832795486	-0.00865461621420523	2.02736671124801	-0.00123640894006926
5074.069016	7569.46578170072	-5.86710329258862e-016	7.91066956746394e-006	0.186647318122331	866.032168189357	2445.57584852192	0.00558626787759574	13430.0739593702	-4.04789425094052e-010	9.08599510116572e-006	0.364826814905747	1693.00263097919	4386.83183054877	0.000158155507216283	2.95235744859264e-006	0.242474087407859	0.597523121259468	-1.65678014172787e-013	3.63399478240707e-005	0.599963756310418	-0.00880648761124683	2.02641061502216	-0.00123953808478605
5140.833082	7461.42621054823	-8.95914946525374e-016	7.08263965646982e-006	0.163243242923574	809.837338772135	2444.80538669526	0.00567079355914797	13399.7750402052	-4.10436641753047e-010	8.12958816944548e-006	0.325142857196069	1613.94737076313	4442.9134990415	0.000157920974835145	2.52294831494259e-006	0.248183763243105	0.59181387491539	-1.54200847492885e-013	3.64145407754738e-005	0.599963681729402	-0.00896514763663291	2.02540243444933	-0.00124275596613906
5207.597148	7349.93654363354	-1.1392558457212e-015	6.33816492979995e-006	0.141389947802793	753.382600005278	2442.55512684816	0.0057719677388764	13368.6257161728	-4.09006069533906e-010	7.26863476179568e-006	0.287358848151295	1532.92791812708	4500.25830122165	0.000157773437536838	2.15601383227354e-006	0.253907167228933	0.586090837940809	1.72117038939024e-014	3.64873270470218e-005	0.599963608938584	-0.00913123344639491	2.02433629617285	-0.00124607901972286
5274.361214	7234.63028561446	-1.37953868474115e-015	5.66919092332951e-006	0.121113991123184	696.746948214866	2438.56481235729	0.00589196394122955	13336.4441333337	-4.54293025967057e-010	6.49498475296405e-006	0.251561523444885	1449.91828503614	4558.77799816239	0.000157718374783682	1.84243227582742e-006	0.259646923087641	0.580351395410311	-3.97177666753772e-013	3.65584401285393e-005	0.599963537825625	-0.00930548327618386	2.02320504040643	-0.0012495259956203
5341.12528	7115.08516885876	-1.5288538670517e-015	5.06840002741639e-006	0.102437216873105	640.023603262185	2432.53255715464	0.00603355187023944	13303.0180915505	-4.26442282196032e-010	5.80096936181036e-006	0.217835928582401	1364.89564572575	4618.36228613917	0.000157763340899025	1.57446458963107e-006	0.265406050126512	0.574592536336937	-7.20808749912079e-014	3.66279883622001e-005	0.599963468277292	-0.00948876604068706	2.02199986600001	-0.00125311891947309
5407.889346	6990.80752672147	-1.67896258099406e-015	4.52905488112232e-006	0.0853765866965506	583.323915478686	2424.10323148851	0.00620028876497974	13268.0953982245	-4.24604327867904e-010	5.17930913874501e-006	0.186266198008056	1277.84364523903	4678.86961945842	0.00015791861191835	1.34548911363767e-006	0.271188084978602	0.568810730425574	-2.02786035846052e-013	3.66960869614478e-005	0.599963400178724	-0.00968212059351576	2.0207098458787	-0.00125688409901724
5474.653412	6861.2113871492	-1.78197887723374e-015	4.04471893464616e-006	0.0699437040257736	526.782454935709	2412.85313720532	0.00639679613326726	13231.3709223224	-3.87296724280172e-010	4.6230743886395e-006	0.156935752874959	1188.75706422387	4740.11460319445	0.000158197999600287	1.14978301850763e-006	0.276997245870151	0.563001765285859	1.81177264246647e-013	3.67628559529299e-005	0.599963333409624	-0.0098868078490543	2.01932124855299	-0.00126085305169314
5541.417478	6725.58993988121	-1.89489321176838e-015	3.60969083256644e-006	0.0561442074599054	470.563891419937	2398.26911556749	0.00662916757863965	13192.4687758814	-3.68760391701617e-010	4.12568653388799e-006	0.129927968319819	1097.64871571584	4801.85008110481	0.000158620108884091	9.82560016241188e-007	0.282838654829976	0.557160523543493	3.27748924604381e-013	3.68284236619588e-005	0.599963267841912	-0.0101043960478915	2.01781656097963	-0.00126506478790595
5608.181544	6583.07561176717	-2.06782039865863e-015	3.2184807441425e-006	0.0439766384049283	414.872401433906	2379.71962826833	0.00690558741019865	13150.9172244094	-4.09189406482618e-010	3.68084801973688e-006	0.105325905631473	1004.55976451445	4863.7411249263	0.000159210174165164	8.39664433509737e-007	0.288718648650788	0.551280672508771	1.95812364248142e-013	3.68929308706461e-005	0.599963203334842	-0.0103368803840881	2.01617307062172	-0.00126956789386512
5674.94561	6432.58288069823	-2.20277400263136e-015	2.86611063665215e-006	0.0334308868318129	359.964867036022	2356.41367181165	0.00723729612532349	13106.1123960683	-4.14142592840201e-010	3.28256670730821e-006	0.0832118351143312	909.575739923076	4925.32604253409	0.00016000289888697	7.17533465102214e-007	0.294645224069979	0.545354219372009	2.1009516681139e-013	3.69565370453041e-005	0.599963139728591	-0.0105868756033302	2.01436074269373	-0.00127442409282139
5741.709676	6272.72420172854	-2.36142968321823e-015	2.54794857603259e-006	0.0244859304851601	306.169807071967	2327.34100329336	0.00764015039021336	13057.2643363871	-4.34713864560297e-010	2.92513724034723e-006	0.063665846321313	812.852049033381	4985.95616866309	0.000161046941213628	6.13174958153844e-007	0.300628691560187	0.539370856257465	4.1204095171381e-014	3.70194294720946e-005	0.599963076836273	-0.0108579284491386	2.01233897526587	-0.00127971341062737
5808.473742	6101.6830391689	-2.46383670427512e-015	2.25968485429304e-006	0.0171065173001131	253.915163961651	2291.18296428819	0.00813724102484135	13003.3144300229	-3.99450243166605e-010	2.60313105443844e-006	0.0467628550224301	714.655875716682	5044.6998292515	0.000162412235102383	5.23994413499946e-007	0.306682662275692	0.533316974727484	3.83147879627445e-013	3.70818363405411e-005	0.59996301442931	-0.0111550442019578	2.01005152967488	-0.00128554159846809
5875.237808	5917.01718152362	-2.64555436092227e-015	1.99730574561007e-006	0.0112383584728893	203.769877851706	2246.1764152461	0.00876347333855286	12942.8050892087	-4.27024298233301e-010	2.31137178704854e-006	0.0325667125153745	615.437169335262	5100.18393314896	0.000164202366541211	4.4778434052415e-007	0.31282557429368	0.527174138888593	3.0932049727874e-013	3.71440482670613e-005	0.599962952217447	-0.0114856140369324	2.00741848619807	-0.00129205161035137
5942.001874	5715.34840883592	-2.84060074629732e-015	1.75703668742574e-006	0.00680106755220087	156.506620404571	2189.90320705298	0.00957392043767499	12873.6682189007	-4.53768255546186e-010	2.04494409261136e-006	0.0211186460764176	515.952400120651	5150.32434831016	0.000166576102193287	3.82658306448458e-007	0.319083091563892	0.520916686821164	2.75177091186626e-013	3.72064520081269e-005	0.599962889813764	-0.0118611018610078	2.00432357980802	-0.00129944109411354
6008.76594	5491.87641971302	-3.04569924746282e-015	1.53532974413312e-006	0.00367789607719243	113.193846238919	2118.96959856072	0.0106595415383336	12792.8757904121	-4.7674011425374e-010	1.79918819349944e-006	0.012414715433022	417.484112157719	5191.8575804658	0.000169785268791909	3.27004246552458e-007	0.325491832860827	0.514508001197233	2.27058144260298e-013	3.7269586180611e-005	0.59996282667962	-0.0123001796710689	2.00059579726242	-0.0013079907524726
6075.530006	5239.6883494275	-3.16376157839192e-015	1.32906130422634e-006	0.00170156310575985	75.3102107900269	2028.57499902197	0.0121764038392672	12695.8744439608	-4.29699590195952e-010	1.56988482876113e-006	0.00636236132026949	322.222306466151	5219.54254585293	0.000174237434292242	2.79446090497107e-007	0.332104579734995	0.507895301863274	6.08370059384081e-013	3.73342299839358e-005	0.599962762035718	-0.0128343647351856	1.99599184803231	-0.00131811368841817
6142.294072	4949.21755902406	-3.57827368337843e-015	1.13650436328606e-006	0.000638647286301378	44.7742529522594	1912.26089003779	0.0143912490138689	12575.8062026712	-5.61069186806453e-010	1.35418785488787e-006	0.00270358088769326	233.830160027697	5225.00143709296	0.000180567032503155	2.38805620599699e-007	0.338994022579003	0.501005899737544	3.7714697868433e-014	3.74015166155012e-005	0.599962694749246	-0.0135161421577882	1.99022702157972	-0.00133045754791834
6209.058138	4609.95219125344	-3.48183070997916e-015	9.59989210820134e-007	0.000189319892325966	23.3922239803636	1763.36155759101	0.0177051288712636	12423.1755655938	-3.68895538159363e-010	1.15353159250927e-006	0.000919867367066779	157.733744783839	5196.17927528312	0.000189563010150005	2.04073890318492e-007	0.346238484008424	0.493761473065805	1.01328440172897e-012	3.74729405235594e-005	0.599962623325075	-0.0144199382307462	1.98320746515681	-0.00134615065446981
6275.822204	4218.39520352108	-4.47792745656191e-015	8.06129184570326e-007	4.67647095852321e-005	10.9969064845725	1580.75275679965	0.0225980174879662	12228.4018421831	-7.57771627250821e-010	9.75561118042537e-007	0.000260148269894038	99.2412113158294	5121.20508142105	0.000201778169989885	1.74393253181002e-007	0.353858951548545	0.486141035492574	-1.16485379515706e-012	3.7549914327219e-005	0.599962546351671	-0.0156079167296626	1.97535161465066	-0.00136702387325761
6342.58627	3783.74728435346	-5.47385008018912e-015	6.75423674133981e-007	9.96061513927471e-006	4.72220730949568	1372.22818719317	0.0298545062378379	11987.3443102681	-1.01755090710855e-009	8.24047534227697e-007	6.50130642440571e-005	59.1936416619644	4996.48413620015	0.000217794710224254	1.49029389612245e-007	0.361774524728947	0.478225487660625	-1.09359458539645e-012	3.76333272345534e-005	0.59996246293896	-0.0170949041528776	1.96693131605173	-0.00139461969579331
6409.350336	3318.19663531482	-5.20281675012411e-015	5.61732071449573e-007	1.69633232002115e-006	1.77657821396948	1147.04822961995	0.0411416884285752	11700.9289662416	-5.7786478079458e-010	6.93481494404179e-007	1.39424768083144e-005	33.8727489751096	4825.52899248606	0.000239173757364023	1.2735447132501e-007	0.369880073606719	0.470119959907468	1.33059907536442e-012	3.77243060018909e-005	0.599962371960029	-0.0189005388609775	1.95753622209316	-0.00142943653400672
6476.114402	2830.94942477215	-7.52532564794527e-015	4.5971228642519e-007	2.0350899610368e-007	0.542911282504366	912.099030696192	0.0596175164568127	11369.2645263687	-9.08543555761963e-010	5.77598572272713e-007	2.34922103011931e-006	18.723036160883	4611.13281914766	0.00026920454329151	1.08831961457044e-007	0.378099538030964	0.461900514046212	-1.1805368395215e-013	3.78252830214143e-005	0.599962270983388	-0.0210879408855702	1.94643659955141	-0.00147214850137903
6542.878468	2329.50396809776	-1.19533376907183e-014	3.65143997868342e-007	1.55961855302347e-008	0.119036494894333	673.028596044063	0.0907688255673961	10986.8862811679	-1.14974646849209e-009	4.7178867217429e-007	2.76125464024821e-007	10.0994993607745	4351.19073821482	0.00031575185651953	9.30033700536369e-008	0.38638365593863	0.453616411811532	-1.12633697535909e-013	3.79415850575419e-005	0.599962154681203	-0.0237514224218979	1.93247810323775	-0.00152465314671234
6609.642534	1822.35288729241	-1.46194233972881e-014	2.73068416276906e-007	1.81304490586214e-009	0.0146823804235176	435.843593998638	0.139403466536947	10536.3329384203	-5.14045893563098e-010	3.71861708436703e-007	2.09255590048844e-008	5.43441299128271	4035.71942444454	0.000400978921017396	7.94768901247274e-008	0.394702114797931	0.445297966492526	1.08957374836939e-012	3.80859566042745e-005	0.599962010309918	-0.0269547098807792	1.91327988703152	-0.00159187783044601
6676.4066	1328.11745500183	-1.39536344590628e-014	1.65069178352223e-007	6.98995114732447e-010	0.000417327342049744	210.457180107335	0.121378880023916	9956.99660684786	-1.37781573054691e-010	2.67031624412007e-007	2.02071601843818e-009	3.03347893381532	3637.30685389262	0.000602955388099881	6.7917804367804e-008	0.403038700679936	0.436961392280287	3.58703720269681e-012	3.82886775437193e-005	0.599961807588731	-0.0300444131568534	1.87797161671206	-0.00169613031596468
