0	1001.04400334818	18.9998627122657	0.178142710659212	0.32400264419036	0.0199851875391821	4.90428789664242e-007	8.75854201551368e-014	1001.04529413921	18.9999999875183	0.178000050472015	0.324000077869692	0.0200000006727719	5.22899735617267e-007	8.27263521717318e-010	0.239999999999292	9.99999999904069e-008	0.600000000000706	9.99999999999998e-013	9.9999999990407e-008	0.599999999999999	-0.000528718106683567	2.47524941623697	-0.000226594317891856
681.83276	1337.97010694933	18.146471390204	75.5109335903611	116.381487095039	4.73355223647858	0.000117767838812236	2.33454361725786e-011	1706.21501278134	17.8265402791898	106.268948565082	165.226332022368	6.35425810827033	0.000159627902009064	9.12313207288334e-008	0.224008143831852	9.99811286517912e-008	0.615991898986304	-7.14064042080906e-013	9.99811465353361e-008	0.599999997917533	-0.00629795550471618	2.39479752826112	-0.00117836762597731
1363.66552	1715.45167883154	18.0809902848894	150.300518986527	231.17994396561	9.38352678770452	0.000232962185141237	4.61777725596018e-011	2106.83114923795	17.8803083864416	196.666415896038	303.76750486212	12.0386514175735	0.000300202271010768	8.78260879486208e-008	0.207934501310066	9.9962260871305e-008	0.632065471402176	-7.71032898743649e-013	9.99623102466202e-008	0.600000003445676	-0.00471827064143168	2.38758736294672	-0.000900002069478982
2045.49828	2080.08448063306	18.0046976977119	223.191585312507	343.133436588026	13.9211598274151	0.000345448022685095	6.85517608668408e-011	2475.77448318339	17.8484487191991	277.08779567223	427.143840134732	17.0709929166897	0.000424785304808944	8.55927239860171e-008	0.191864013729428	9.9943396663524e-008	0.648135934917824	-7.01843010252888e-013	9.9943489829223e-008	0.600000003361245	-0.00375522970380119	2.38346761218169	-0.000740540970866521
2727.33104	2430.51844296754	17.9145555779217	293.515433295294	451.35630206797	18.3162260157063	0.00045461500192669	9.03212772828168e-011	2825.73518430932	17.7823839862165	351.60463144201	541.734401760806	21.7454318480989	0.000540783061779259	8.38981509530453e-008	0.175798018905295	9.9924536034504e-008	0.664202034748453	-6.13602862361034e-013	9.99246862942324e-008	0.600000003370926	-0.00312581815852041	2.38055154747837	-0.000635052675540048
3409.1638	2767.21217320993	17.8064641245013	361.132599829619	555.754944605149	22.5698373655738	0.000560612619076931	1.11514208001774e-010	3159.89917399444	17.6900465769374	421.684910734727	649.900998127934	26.1690608230084	0.000650953557533247	8.25134095096585e-008	0.159738277040424	9.99056789910841e-008	0.680261756411213	-7.66137481629762e-013	9.99059005317948e-008	0.600000002743471	-0.0026828024498091	2.37828389788313	-0.000559556578004905
4090.99656	3090.84059863559	17.6745323905458	426.031853154821	656.455416293577	26.6929910201683	0.000663861389980826	1.32222441669531e-010	3479.9866645944	17.5697853161302	488.039449698026	752.875372230941	30.3999664720763	0.000756880755140385	8.13316496409649e-008	0.143687471300177	9.98868255406881e-008	0.696312583147764	-6.41481267805105e-013	9.98871332702972e-008	0.600000002794793	-0.00235403176898029	2.37641942183107	-0.000502657162779129
4772.82932	3402.11325956339	17.509989485188	488.226650182655	753.676815832735	30.7027978248234	0.000764994194332593	1.52588855165986e-010	3787.208267126	17.4147591123443	551.054028030042	851.453175589588	34.4797478219219	0.000859801844556684	8.02947344612962e-008	0.127649431747931	9.98679756912123e-008	0.712350637238064	-4.07755325351682e-013	9.98683850939842e-008	0.600000003140248	-0.00210034939784407	2.37482417637901	-0.000458150932527451
5454.66208	3701.73315942696	17.2992154669979	547.705118305772	847.703017027576	34.6234221996805	0.000864934270550646	1.72827782296731e-010	4082.53105308371	17.2124138044941	610.923827464984	946.249874831887	38.4467497070961	0.00096099924486288	7.93676482347553e-008	0.111629922173652	9.98491294510183e-008	0.728370166054783	-3.43856962858367e-013	9.98496564636517e-008	0.600000003138027	-0.00189866313320221	2.3734123988507	-0.000422342890140265
6136.49484	3990.39210319887	17.0199424680774	604.381123539428	938.899375292667	38.4907786340316	0.000965118875365921	1.93280224233141e-010	4366.79293229434	16.9412128969985	667.680521088594	1037.83853940776	42.3459333475773	0.00106214687428873	7.85278014716127e-008	0.0956387292170427	9.98302868290799e-008	0.744361270259154	-2.85148299478911e-013	9.9830947736305e-008	0.600000003111338	-0.00173445724417687	2.37211914241397	-0.000392883658939294
6818.3276	4268.78810109253	16.6333247406144	658.01005446034	1027.78084090874	42.3641111737525	0.00106802611991038	2.14543966977619e-010	4640.77290839587	16.562991003008	721.140414283189	1126.87840963927	46.2429641398234	0.00116590401406423	7.77600993625006e-008	0.0796931646731384	9.98114478354148e-008	0.76030682884816	-2.57272590573471e-013	9.98122591841475e-008	0.600000003086779	-0.00159812974554469	2.37088277070896	-0.00036820205434083
7500.16036	4537.67802687432	16.0658320855879	707.995127133851	1115.19305128877	46.3553093375902	0.00117851449738821	2.37806801349194e-010	4905.2667512292	16.0051363124599	770.718676599503	1214.33446201959	50.2547988727324	0.00127728464905518	7.70547428110687e-008	0.0638271055075439	9.97926124821596e-008	0.776172871028455	-2.24419886668611e-013	9.97935910151413e-008	0.600000003447677	-0.00148304039256162	2.36962427080074	-0.000347202111671019
8181.99312	4798.02528427313	15.1633057638228	752.849084713925	1202.82639785862	50.713965913689	0.0013077904247199	2.65844589133682e-010	5161.23602712905	15.1152264106373	814.871436779474	1302.03250198931	54.6346147586391	0.00140760305165152	7.640717935369e-008	0.048116012091135	9.97737807864005e-008	0.791884002220716	3.01609557037469e-013	9.97749434014627e-008	0.600000003741737	-0.00138436358129444	2.36820263011753	-0.00032908764083666
8863.82588	5051.48357202882	13.5630057792057	788.383023435516	1294.93416174296	56.1290177470022	0.00148803556085044	3.06766169879615e-010	5410.24681171317	13.5346048122057	849.195176849075	1394.46474952902	60.0666938925398	0.00158873295348825	7.58224357089375e-008	0.0327577349483075	9.97549527790091e-008	0.807242322755453	3.4168827627278e-013	9.97563165367175e-008	0.600000003916874	-0.00129824011652768	2.3662746118052	-0.000313249173032763
9545.65864	5302.27523970943	10.3762619340436	800.323508561133	1405.15838158647	65.1048398040058	0.0018449651934666	3.93307264810395e-010	5656.10732879215	10.382987998734	858.688411384745	1505.91920333014	68.9885045317489	0.00194237184442942	7.53391768711015e-008	0.0183827581589158	9.97361285411997e-008	0.821617338922016	8.55005421727861e-013	9.97377108080234e-008	0.600000003908419	-0.00122066843582134	2.3627349102808	-0.000299193393846404
10227.4914	5563.56234262118	4.66442304022777	737.161405715018	1579.17715589853	89.2737789843922	0.00308678306766732	7.26922837806734e-010	5910.50501189041	4.70417079271635	789.27311784926	1684.37176459292	92.6163000722801	0.00313987824412715	7.51856459855191e-008	0.00706496794523816	9.97173084300708e-008	0.832935135176894	2.1779157902132e-012	9.97191275022854e-008	0.600000004902102	-0.00114733166456719	2.35364499981404	-0.000286815774881499
10909.32416	5855.24990550367	0.655468597691598	530.400432662637	1852.33826490699	170.709189046281	0.00962236927828312	2.89321285504703e-009	6193.02427249628	0.667305900531425	568.095184114931	1969.28053769685	172.954558371891	0.00938507279521275	7.69017695623135e-008	0.00171692538664582	9.96984950089245e-008	0.838283163799415	6.73045662051226e-013	9.97005718918655e-008	0.600000004614779	-0.0010887881762046	2.3328307104147	-0.000277704842449308
11591.15692	6169.02138681023	0.04390535947995	297.981734821276	2043.12982451146	369.676243333968	0.040909842564058	1.72351521127314e-008	6499.04366431836	0.0447927593561982	319.194905010816	2170.60240956907	374.429686424518	0.0397041646687813	9.01590993372379e-008	0.000351664519262595	9.96797082838885e-008	0.839648421630438	8.07184154520176e-014	9.96820685092363e-008	0.600000008585015	-0.0010555520516713	2.30562032647144	-0.000272067125931215
12272.98968	6488.88401016697	0.00334214305611106	154.85643456089	2020.29757674333	695.54006051309	0.146453800200335	8.51094111468704e-008	6813.87892226937	0.00340278992211032	165.606221379341	2144.85807189568	711.521576092406	0.144213398621233	1.54857068344647e-007	7.07298786928123e-005	9.96610640645154e-008	0.839929302858978	6.42801856288231e-016	9.96637413526634e-008	0.600000002438544	-0.00102463202072437	2.28101773512526	-0.000265365963895811
12954.82244	6809.81239541538	0.000376403653803778	82.1576008270398	1849.74100902518	1098.99680909129	0.39934331129319	3.0486871144405e-007	7132.49775809222	0.000382402743955845	87.64209694782	1960.83855459342	1132.97972340776	0.398350448169688	3.67826450152852e-007	1.42082192355507e-005	9.96429972217285e-008	0.839985827000969	-2.37588044217518e-016	9.96460537350132e-008	0.600000000071356	-0.000986627297002797	2.26117097040528	-0.000256075571246718
13636.6552	7130.85926404723	5.59605744781337e-005	44.3555935044096	1608.07220143002	1538.45969277724	0.900169322760453	8.72046467007573e-007	7452.67237548562	5.6785789715754e-005	47.208240756908	1701.66174990739	1592.5870067698	0.904300866210485	9.20524482958706e-007	2.85498089766847e-006	9.96267136239432e-008	0.839997156257906	3.27869794259608e-017	9.96302898752312e-008	0.600000001477353	-0.000946606850103151	2.24465943786434	-0.000245942172498873
14318.48796	7451.894564183	9.33703796577275e-006	23.4907059326069	1332.4556228654	1994.49758455205	1.82584040662287	2.21249188501535e-006	7773.43156084436	9.47291892438578e-006	24.9583386530779	1407.71069501216	2068.62820474578	1.83886976354057	2.22465485213735e-006	5.73328979946248e-007	9.96152056597533e-008	0.839999428111016	7.77188000978775e-018	9.96196131714487e-008	0.600000002115792	-0.000907748502351972	2.22987116493789	-0.000235997536492808
15000.32072	7772.90853560913	1.49843826541367e-006	11.5984792319194	1039.4256419684	2458.16021258401	3.55517549486486	5.41507735446278e-006	8094.44566444634	1.51672005714227e-006	12.3121062861713	1096.75142716989	2551.37300514023	3.57642610346305	5.31894349476457e-006	1.14738469767274e-007	9.96160210687233e-008	0.839999887797894	-8.77849450916755e-011	9.96219112450785e-008	0.600000003831121	-0.000870965549659217	2.21547986013751	-0.00022656429358585
15682.15348	8093.89963084461	1.89859041532537e-007	4.91036913190393	737.574210021795	2923.62533269844	7.0866820230335	1.39749652188505e-005	8415.64120709028	1.66000039985263e-007	5.21541305338447	777.841470748644	3034.81130273057	7.08909114217119	1.34781054367096e-005	2.27608532326405e-008	9.96505248312039e-008	0.839999982895405	-2.43367596424429e-010	9.96591569310656e-008	0.600000004120487	-0.000836174975122185	2.20002637515566	-0.000217670461535551
16363.98624	8414.84469347409	1.27720476187143e-008	1.47309662069674	434.474073925187	3381.58918563155	16.0917737338273	4.44705523393175e-005	8737.16204373876	4.55688459880053e-009	1.57108146724443	458.771723613691	3509.85143543265	15.8588500008551	4.17633908753417e-005	4.48313466232913e-009	9.97972159647544e-008	0.839999996839384	-7.25819483905815e-011	9.98100280071647e-008	0.600000003689862	-0.000802222653266632	2.18086569178386	-0.000209065066994833
17045.819	8735.54554298148	1.39559145370974e-010	0.172178477758291	157.066520358618	3781.07895304259	55.6063935473323	0.000270367363643513	9060.38856263942	-1.27466801822393e-010	0.186358409059042	166.915888827397	3928.37520431832	52.5903696957481	0.000238906137880561	8.97054913207301e-010	1.00591858056006e-007	0.839999999685023	2.64803432854747e-012	1.00570063210578e-007	0.600000002828266	-0.000760773670179754	2.15047973530442	-0.00019837182496341
17727.65176	9055.60513048373	3.44544782892927e-013	0.00874095435414675	35.7719395603269	3863.34575817138	254.747775566156	0.00262420164994846	9388.08453292348	-2.13890596992766e-010	0.0093583026371459	37.7749540328871	4028.87474907119	245.794502594814	0.00237375405651168	1.89038396254425e-010	1.09366441161022e-007	0.839999991261023	2.78118709678562e-013	1.09014410105244e-007	0.599999994390941	-0.000704111793160984	2.11171743606526	-0.000183282336163806
18409.48452	9376.30468233206	1.36064920911459e-014	0.00168307449699253	15.4536364834515	3744.52040022692	554.201777491596	0.00854933966878287	9711.26297311687	-1.89660380709817e-010	0.00177879715581735	16.2050429360865	3904.41874246686	553.690674984772	0.0079636105810948	3.95922442755499e-011	1.68271557122367e-007	0.839999932467519	5.58512160631569e-014	1.67295361687956e-007	0.599999936112197	-0.000675033139869366	2.09139806430793	-0.00017574894211461
19091.31728	9697.23050914987	1.94150329970993e-015	0.000609679457833759	9.11720297126018	3597.98817455554	867.493831794384	0.0170759483840667	10032.6885655741	-1.84734358938048e-010	0.000640897690090418	9.52945030756258	3748.295466709	877.415462394584	0.0147527512689752	5.02039371424536e-012	4.99699876641972e-007	0.839999601139187	1.1223319546516e-014	4.80320846257965e-007	0.59999962308107	-0.000652105659067762	2.07940885056515	-0.00016976310730677
19773.15004	10017.981215752	4.77371709299244e-016	0.000287328640197807	6.12425772165771	3444.81630696555	1183.99307624013	0.027814489324501	10353.5873194745	-1.8374705857138e-010	0.000301098768818874	6.38771153531676	3585.3645382739	1204.13436962773	0.0157978813753206	2.83271014568387e-012	3.89419880346745e-006	0.839996206635455	2.23240251100366e-015	2.4009710632552e-006	0.599997702429096	-0.000631240752128837	2.07088800585873	-0.000164313833609658
20454.9828	10331.8709990636	1.7216007420072e-016	0.000157016347281812	4.42527900780161	3291.3510118441	1496.02107895154	0.0400149328851756	10668.9359389107	-1.83607310335484e-010	0.000164120352694996	4.60733912262767	3422.1282961242	1526.97706297282	0.00827453732848374	-9.59491703927837e-013	0.000109733648168097	0.839890367268271	4.1756022223316e-016	1.14569768484154e-005	0.599988646424669	-0.000611758165264702	2.06431942381838	-0.000159311142046266
21136.81556	10287.1622457865	3.47682392686971e-016	0.000150470632765256	4.30927547470838	3256.69550183798	1506.33775845059	0.0270683205546537	10691.7554979631	-1.9559881663334e-010	0.000154660517098765	4.44743998445874	3366.32461021002	1591.79420411282	0.0016589188455458	-2.72307894890307e-012	0.0056408723788567	0.834359228544924	-5.42591257626877e-014	3.0646148359332e-005	0.599969457250572	-0.000640045901578072	2.06401677059065	-0.000158381013718408
21818.64832	9498.43280236502	1.61853401010485e-015	0.000509161226347034	8.17186158686822	3461.04285348837	897.270520726909	0.00771378268327477	9973.54446082105	-2.02067902735392e-010	0.000526370775784791	8.49880546008313	3610.02020687437	976.717534807744	0.00041239424958006	-3.85199259925505e-012	0.0224096942422308	0.817590406687503	-2.52356309573715e-014	3.83599118498419e-005	0.599961743490373	-0.000755463548040326	2.07798945790815	-0.000170039991494654
22500.48108	9043.1272648938	1.01733488621413e-014	0.001371643067423	13.5883614228415	3552.38061933761	568.081308849325	0.00359730535471249	9493.21207401533	-2.10877470768941e-010	0.00143101593984213	14.2169954585401	3724.31026395473	611.435724220638	0.000202507616286798	-2.85386906873476e-013	0.034085301215892	0.805914799673775	-6.97348596248809e-014	4.10598261809881e-005	0.599959043576226	-0.000777571853013787	2.09002144987303	-0.000179095616208295
23182.31384	8821.49271793749	2.96825621427622e-014	0.00236405701535302	17.8752677755567	3566.77995254261	435.173678727441	0.00234160354617364	9252.73655070392	-2.04451495045266e-010	0.00247722297063816	18.7485613050049	3744.58767636624	462.769154376334	0.000135484257379584	-1.25769537122342e-013	0.0422140258967095	0.797786074993025	-1.32653024284876e-014	4.25386131991376e-005	0.599957564789304	-0.000790917275544084	2.0968931296351	-0.000184074822708817
23864.1466	8692.44128422041	5.01824127660513e-014	0.00306451928847588	20.3105556075274	3552.31551319961	379.821001467242	0.00183863361668475	9117.221841541	-2.05355088866733e-010	0.00321943519496227	21.3362928804726	3732.60744540623	401.325695486487	0.00010725898767761	2.75706168923558e-012	0.048937798423947	0.791062302474733	-2.66729978913066e-015	4.35959153872044e-005	0.599956507488086	-0.000803525254119416	2.1003165920429	-0.000187026627568526
24545.97936	8598.75254960493	6.45274087837454e-014	0.00345194926427913	21.4804424212684	3527.3836988856	354.078542121349	0.00158241609481934	9023.23194781627	-2.07666557144235e-010	0.00363252282416334	22.5926775816994	3709.59893428172	373.191566403414	9.23544907821755e-005	-6.53826827997392e-012	0.0551203453689411	0.784879755698146	-5.62882795376727e-016	4.44634918710662e-005	0.599955639917638	-0.000816049643618639	2.10201330915199	-0.000189118930216762
25227.81212	8518.83404431161	7.32642401902797e-014	0.00364863083793545	21.9925531061308	3498.26148737563	340.130166407976	0.00142190354575358	8945.55949741498	-2.10247097533625e-010	0.00384441638683853	23.1559878714475	3682.28665624272	358.267160238562	8.28584905907623e-005	-5.98753098284069e-012	0.0610857774272909	0.778914323348037	-1.05100551732415e-016	4.52229490390009e-005	0.599954880479129	-0.000828623580322035	2.10292500468136	-0.000190869941538625
25909.64488	8444.51054069138	7.8479548854251e-014	0.00374325266376154	22.1765712422594	3467.13396680545	331.321571645709	0.00130586921095818	8874.48726160359	-2.12887455039679e-010	0.00394855823511683	23.3734012507649	3652.91488025044	349.05128017912	7.59992038403149e-005	-2.24525652561479e-011	0.0669560959585503	0.773044005688033	-1.28894478269838e-017	4.5908632695193e-005	0.599954194882322	-0.000841313217857035	2.10347049704198	-0.000192493038282427
26591.47764	8372.59998613706	8.1528496890332e-014	0.00378018299678929	22.1815453522152	3434.80267333697	325.090754885757	0.00121479697082941	8806.23078178614	-2.15566454689223e-010	0.00399178660710978	23.4020242901025	3622.29294634031	342.664759882546	7.06794474743022e-005	4.32391356994537e-012	0.0727784986060011	0.767221603239415	1.16820640453131e-017	4.65378415066557e-005	0.599953565670648	-0.000854168782785426	2.10382422686658	-0.000194074651741708
27273.3104	8301.77833047743	8.31033833684994e-014	0.00378006978919097	22.0736904897925	3401.58354109379	320.384660415055	0.00114009688323024	8739.24115008041	-2.18274359850082e-010	0.0039958903160498	23.311626475397	3590.74188687063	337.932993536507	6.63923257325528e-005	-5.00138526875616e-012	0.0785724756717916	0.761427626506479	2.49229878434396e-017	4.71212870686402e-005	0.599952982212266	-0.000867233889896038	2.1040602964772	-0.000195650946412404
27955.14316	8231.42478965027	8.35683122968296e-014	0.00375320173284356	21.8849998042667	3367.61376436317	316.71946995449	0.00107730230903056	8672.816723416	-2.21024569730663e-010	0.00397170712496836	23.1358793614832	3558.40571571641	334.322594135511	6.28624867729219e-005	2.30249136023666e-011	0.0843470569572991	0.755653044151838	-3.09344906798526e-017	4.76663645007647e-005	0.599952437131618	-0.000880549976089774	2.10421309117734	-0.000197238983069083
28636.97592	8161.19828574431	8.31424612435162e-014	0.00370554650532524	21.6334433687294	3332.96036191666	313.837123496717	0.00102370700219922	8606.58903332118	-2.23812244036463e-010	0.00392550423615221	22.8936520321397	3525.35831931753	331.553401369699	5.99185923350052e-005	-4.41896427054898e-012	0.0901071127674542	0.749892988214117	-1.06338230636365e-017	4.81786126769633e-005	0.599951924887037	-0.000894153415959378	2.10430100080284	-0.000198847939495101
29318.80868	8090.88010671377	8.19863433505799e-014	0.00364116391887601	21.3308155238289	3297.65970955663	311.578276602978	0.000977479747648846	8540.33144030593	-2.26642195706304e-010	0.00386153716885677	22.5973095469873	3491.64216846868	329.454776845574	5.74433564825078e-005	-2.46870711619522e-011	0.0958556841920957	0.744144416702114	4.75341625467523e-017	4.8662373082242e-005	0.599951441119168	-0.000908078853166302	2.10433543400108	-0.000200484023295121
30000.64144	8020.31284158929	8.02293130000775e-014	0.00356313903996797	20.9857738037364	3261.7326707219	309.833375577869	0.000937295833877041	8473.88551701441	-2.29509433366422e-010	0.00378303828896239	22.2559241083113	3457.28336691721	327.910311987952	5.53520186012846e-005	-1.81744304634957e-012	0.101594889582187	0.738405211646818	6.54609919698475e-017	4.91212052438475e-005	0.599950982300436	-0.000922360458393794	2.10432431181449	-0.000202152282369347
30682.4742	7949.37384288135	7.79818753218778e-014	0.00347399782633791	20.6052044250919	3225.19147182478	308.520694002808	0.00090215218876205	8407.13057134907	-2.32448805667244e-010	0.00369264464642925	21.8766771719065	3422.29780473275	326.834730576774	5.35809774892284e-005	-7.1176089720266e-012	0.107326315324436	0.732673786646459	3.42972791449382e-017	4.95579324659277e-005	0.599950545521858	-0.000937025298111235	2.10427363476686	-0.000203856106231801
31364.30696	7877.96411297965	7.53413212489716e-014	0.00337583786265695	20.1946914478234	3188.0423082406	307.577828517583	0.000871274623201926	8339.9699075119	-2.35424420210189e-010	0.00359255855723137	21.465425957116	3386.69527272784	326.162147713175	5.20814308729937e-005	6.15881799264927e-012	0.113051184533419	0.726948917670586	4.95224757027079e-018	4.997508897648e-005	0.599950128346557	-0.000952108090870151	2.1041880252818	-0.000205599861141728
32046.13972	7805.99987430855	7.23923786727952e-014	0.00327045540701963	19.7589373637888	3150.28737575173	306.95508797814	0.000844050866865282	8272.3228370157	-2.38449722459197e-010	0.00348465830107363	21.0270748709607	3350.48040331025	325.84112467082	5.08154423147434e-005	4.53146991376985e-012	0.118770481831415	0.721229619634087	2.97816766031594e-018	5.03747054187968e-005	0.599949728711786	-0.000967637902658735	2.10407121251623	-0.000207386796857204
32727.97248	7733.40906619433	6.92100475429803e-014	0.00315940179333203	19.3019608283172	3111.92599110715	306.612052489043	0.000819990073899502	8204.12043960861	-2.41542569663772e-010	0.00337056869082409	20.5658168370745	3313.65439397195	325.830054530279	4.97530202252158e-005	-9.63788517128826e-012	0.124485005071683	0.715515097019532	-5.6263157075498e-019	5.07585670887603e-005	0.599949344851715	-0.000983644985976941	2.10392625325171	-0.000209220197309412
33409.80524	7660.12826403902	6.58604918110322e-014	0.00304401259493293	18.8271976241168	3072.95502225315	306.515876458588	0.000798695802686133	8135.3024600743	-2.44688852765577e-010	0.00325168912957427	20.0852337866089	3276.21563081864	326.09528067615	4.88704343404216e-005	1.38578025103029e-011	0.130195411942559	0.709804687822821	7.3948268502346e-018	5.11282009319177e-005	0.599948975240589	-0.00100016035089999	2.10375563676185	-0.000211103323589703
34091.638	7586.10072241169	6.23993506291612e-014	0.00292545062283691	18.3376378646111	3033.36958194928	306.639170921709	0.00077984381841277	8065.81532956334	-2.47903232310366e-010	0.00312924194131852	19.588450760348	3238.16033712181	326.608940063792	4.81488269651401e-005	7.86946859840836e-012	0.13590225242869	0.704097849224426	-1.90827747897118e-017	5.14848840560401e-005	0.599948618549532	-0.00101721811079851	2.10356143213988	-0.000213039779389788
34773.47076	7511.27469162994	5.88761828475638e-014	0.00280472586420956	17.8358880719901	2993.16321567092	306.959139115139	0.000763167697597318	7995.6105246414	-2.51176576085538e-010	0.00300428506937803	19.0781739313357	3199.48280602871	327.348220835176	4.75728755953959e-005	4.3450455380891e-012	0.141605987406837	0.698394113476044	1.51067285996746e-017	5.18298540760278e-005	0.59994827361211	-0.00103485018259692	2.1033453531322	-0.000215032680884274
35455.30352	7435.60243551862	5.53332370065526e-014	0.0026827223096171	17.3242523252721	2952.32832688918	307.456319770094	0.000748446515222792	7924.64352311257	-2.54512636424745e-010	0.00287775015408648	18.5568089154844	3160.17589146297	328.293808376466	4.71306607262261e-005	6.0532257999879e-012	0.14730701000313	0.692693090753878	4.58424483293119e-018	5.21640502801926e-005	0.599947939397687	-0.00105309349299254	2.10310883689124	-0.000217085774621486
36137.13628	7359.03920573966	5.18060823445637e-014	0.00256021178359784	16.8047719226535	2910.85625582273	308.114114361569	0.000735496676371255	7852.87283510115	-2.5792272040959e-010	0.00275044856668407	18.0264747093152	3120.23106385296	329.429616661821	4.68123886689997e-005	-1.12880770016994e-012	0.15300565718059	0.686994444049872	9.2083818191583e-019	5.24884541680859e-005	0.599947614988465	-0.00107198435966721	2.10285308523789	-0.000219202549906025
36818.96904	7281.54259143073	4.83251546183159e-014	0.0024378675845635	16.2792628240131	2868.73742054247	308.918268396116	0.000724165343059439	7780.25931622704	-2.6140393958296e-010	0.00262308991201154	17.4890576922955	3079.63864251031	330.742063923296	4.66105534405363e-005	2.84286126578792e-013	0.158702219457405	0.681297882968158	1.84968709784798e-019	5.28039024639032e-005	0.599947299563691	-0.00109156205234281	2.10257909432784	-0.000221386784733175
37500.8018	7203.07196238272	4.49154165859142e-014	0.00231627721560864	15.7493502764893	2825.96143359061	309.856427608584	0.000714325188539866	7706.76562529179	-2.64959521302981e-010	0.0024962955691831	16.9462477021269	3038.38791158402	332.219627016055	4.65195040891784e-005	-5.32183161093387e-012	0.164396948776092	0.67560315297135	3.71546384325059e-020	5.3111089433895e-005	0.599946992384026	-0.00111186911926315	2.10228768586034	-0.00022364258133247
38182.63456	7123.58798945535	4.15978943797017e-014	0.00219595274123376	15.2164960725475	2782.51716947237	310.917821698724	0.000705870365232019	7632.35576015423	-2.68592386815401e-010	0.00237060687738629	16.3995589256231	2996.46716863097	333.852589738304	4.65349857689184e-005	2.7608479475874e-012	0.170090069096837	0.66991003208485	7.46329473032466e-021	5.34106805324118e-005	0.599946692780216	-0.00113294993773023	2.10197953225353	-0.000225974122384621
38864.46732	7043.05229728629	3.83891414509119e-014	0.0020773430370036	14.6820334082145	2738.39293195423	312.092759382627	0.000698712792237565	7556.99474299157	-2.7230548561417e-010	0.00224649867933084	15.8503672892648	2953.86380499607	335.632634670433	4.6654141735987e-005	2.19180097049754e-012	0.175781774545275	0.664218327362489	1.49914149164285e-021	5.37033166145639e-005	0.599946400142971	-0.00115485074536233	2.10165519502774	-0.000228385653740951
39546.30008	6961.42715641352	3.53023308198536e-014	0.00196083405252567	14.1471596121892	2693.57631093715	313.372849655052	0.000692780774743375	7480.64823794148	-2.76101867273144e-010	0.00212438348880676	15.2999179724772	2910.56438226697	337.552684741521	4.68752676962874e-005	3.07527458249302e-012	0.181472238919618	0.658527862687714	3.01132665384011e-022	5.39895685190109e-005	0.599946113914298	-0.00117762457313082	2.10131509369907	-0.000230882240508259
40228.13284	6878.67521331054	3.23478065820742e-014	0.00184676488760821	13.6129868615578	2648.05448618349	314.750205226668	0.00068801549389688	7403.28240013765	-2.79984713581984e-010	0.00200462249198017	14.7493566731702	2866.55460440014	339.606649107441	4.71980550207215e-005	2.02460538413765e-012	0.187161617697858	0.652838483892236	6.04875185513504e-023	5.42698375203532e-005	0.599945833581563	-0.0012013250392709	2.10095958103189	-0.000233468761316071
40909.9656	6794.75922674922	2.95331207582678e-014	0.00173542260372323	13.0805159455581	2601.81391937312	316.218037873264	0.000684371320796592	7324.86350390398	-2.83957328659767e-010	0.00188752250685778	14.1997130708886	2821.81932789289	341.789539683819	4.762283301455e-005	1.09566346893612e-011	0.192850050558624	0.647150051190537	1.21502876879929e-023	5.45447723390818e-005	0.599945558669383	-0.00122601090921196	2.10058888249182	-0.000236150603914321
41591.79836	6709.64193973339	2.686293109077e-014	0.00162705550816634	12.5506782684796	2554.84065908681	317.769913303781	0.000681813150085852	7245.35788843615	-2.88023180817211e-010	0.00177335158139791	13.6519482261222	2776.34261578062	344.096994332516	4.81513789718695e-005	-1.24829940926472e-012	0.198537665061838	0.641462436879942	2.44063892423625e-024	5.48147061128776e-005	0.599945288737001	-0.00125174633422685	2.10020315391505	-0.000238933662654717
42273.63112	6623.28586067043	2.43408487598024e-014	0.00152187421539525	12.0243339170021	2507.12024370879	319.399883513095	0.000680316091318218	7164.73172149045	-2.921859020791e-010	0.00166233789695446	13.1069462053628	2730.10768751102	346.525375175872	4.8786350243912e-005	-9.4407858325776e-014	0.204224578309615	0.635775525279055	4.90008756754868e-025	5.50800638418821e-005	0.599945023372164	-0.00127860017904217	2.09980246910525	-0.000241824199048988
42955.46388	6535.65311147613	2.19674846090849e-014	0.00142005547333403	11.5022804624531	2458.63771874111	321.102378748314	0.000679864813778476	7082.9508485865	-2.9644929663862e-010	0.00155467426075206	12.5655248080691	2683.09690696882	349.071664036336	4.95314559371735e-005	-3.69411239436788e-011	0.209910893489366	0.630089210158055	9.87221781513905e-026	5.53412492364782e-005	0.599944762187429	-0.00130664696411082	2.09938682351729	-0.000244828948937756
43637.29664	6446.70527861792	1.97437199839803e-014	0.00132174559634902	10.9852605131455	2409.37764847214	322.872119359293	0.00068045309591621	6999.98064137596	-3.00817361642831e-010	0.00145052154354908	12.0284425369854	2635.29175268902	351.733403381547	5.03915593773437e-005	4.34653545048916e-012	0.215596711506536	0.624403391459476	1.97503717369059e-026	5.55986191115044e-005	0.599944504816743	-0.0013359672430906	2.09895613713749	-0.000247955134606739
44319.1294	6356.40330727292	1.76668054724411e-014	0.0012270650083081	10.4739751977327	2359.32422570571	324.703830264209	0.000682083162153513	6915.78591366415	-3.05294316998786e-010	0.00135001470080527	11.4964173427436	2586.6728150642	354.50848853043	5.13726612315274e-005	-3.87422111477469e-013	0.22128212475465	0.618717978224551	3.9027228689384e-027	5.58525255000654e-005	0.599944250912521	-0.00136664910049633	2.09851026997069	-0.000251210642536631
45000.96216	6264.70732798882	1.57345687453244e-014	0.00113610660039429	9.96907129436409	2308.46105176475	326.592648391985	0.000684766745720393	6830.33068606131	-3.0988459796854e-010	0.00125326005586412	10.9701112954673	2537.21971802637	357.395361518017	5.24820689834194e-005	1.14992123931765e-011	0.226967220915618	0.613032881467629	7.99391961920939e-028	5.61032919896825e-005	0.599944000142616	-0.00139879006700662	2.09804898134905	-0.000254604265746776
45682.79492	6171.57653768623	1.39430696508502e-014	0.00104894278099188	9.47116739816695	2256.77138388171	328.533531486337	0.000688523989278002	6743.57813711376	-3.14592880108426e-010	0.00116034061344385	10.450147554337	2486.91105179253	360.392865917106	5.37284787925562e-005	1.30892928008988e-012	0.23265208201965	0.607348020966677	1.68062928926918e-028	5.63512381637396e-005	0.599943752187823	-0.00143249290085653	2.09757198033758	-0.000258144977351565
46364.62768	6076.96911890157	1.22880944451325e-014	0.000965624515902858	8.9808438875289	2204.23801623343	330.521493512113	0.000693384567128752	6655.4904560298	-3.19424126441732e-010	0.00107132033395531	9.93712168238996	2435.72439080475	363.500070795629	5.51221341190393e-005	-2.18182679718774e-012	0.238336789228933	0.601663315106575	-4.39936840473763e-029	5.659667703994e-005	0.599943506739366	-0.00146787500516956	2.09707888126702	-0.000261843310508618
47046.46044	5980.84206483329	1.07648807460131e-014	0.0008861853681424	8.49865824438613	2150.84340459799	332.551267859293	0.000699387488716688	6566.0287089076	-3.24383583965439e-010	0.00098624277845006	9.43159520594311	2383.63613862925	366.716417451976	5.66749561375277e-005	3.1598242121958e-011	0.244021420255857	0.5959786843638	9.21269380985185e-030	5.68399283928498e-005	0.599943263496625	-0.00150506104950224	2.09656923852878	-0.000265710126267568
47728.2932	5883.1510561138	9.36679584210821e-015	0.000810640069934757	8.02513360340366	2096.5694857435	334.617649684268	0.000706582843196794	6475.15264314438	-3.29476808906482e-010	0.000905132578185532	8.93409635474593	2330.62147778289	370.041709265006	5.84010206985957e-005	-4.31881960550578e-012	0.249706050814513	0.590294052384005	-3.95344270917618e-029	5.70812482209293e-005	0.599943022165598	-0.00154419032488858	2.09604249642479	-0.000269757656514523
48410.12596	5783.85035232854	8.08891157660607e-015	0.000738988978230052	7.56077523775699	2041.39790221368	336.714997018546	0.000715031788322904	6382.8206128702	-3.3470972340209e-010	0.000827999954280304	8.44513626429262	2276.65429839495	373.475916954365	6.03165088691366e-005	-2.57160601175835e-012	0.255390757400218	0.584609345731968	-8.21364971519205e-029	5.73209593557571e-005	0.599942782455823	-0.00158541658105683	2.09549801846682	-0.000273999342987446
49091.95872	5682.89263126956	6.92465086271461e-015	0.000671217884629613	7.10606745005814	1985.30993031442	338.837336192014	0.000724808179187914	6288.98937283904	-3.40088628136582e-010	0.000754839865378615	7.96520267843609	2221.70706195378	377.019286807121	6.24403415895711e-005	1.37209665420767e-011	0.261075618461381	0.578924484919634	-6.64529365013357e-029	5.75593346831329e-005	0.599942544079095	-0.00162890947051304	2.094935064823	-0.000278449931714598
49773.79148	5580.22883262709	5.86756587734164e-015	0.000607299386610931	6.66147642419113	1928.28651559658	340.978254716269	0.000736000109315793	6193.61389755039	-3.45620244940427e-010	0.000685633508882746	7.49476374757497	2165.75068239287	380.672304799632	6.47944726641815e-005	2.51634785983234e-011	0.266760709965411	0.573239394119319	-6.04600571872742e-029	5.77966682237456e-005	0.599942306747096	-0.00167485703545432	2.09435278195952	-0.000283125692983397
50455.62424	5475.80799810366	4.91045420835312e-015	0.000547194183858515	6.22745369967992	1870.30833579735	343.130747726582	0.000748711668277981	6096.64718715193	-3.51311754511847e-010	0.000620349496811651	7.03427104322899	2108.75438084621	384.435672856023	6.74044715979883e-005	-4.22903744199424e-012	0.272446114021774	0.567553991077588	1.52200601994113e-029	5.80332401937997e-005	0.599942070169237	-0.0017234677358991	2.09375019417114	-0.000288044545533126
51137.457	5369.57710910753	4.04715572008637e-015	0.000490852024153068	5.80443818061872	1811.35587758622	345.287050853683	0.000763065262182143	5998.04007069542	-3.57170880853594e-010	0.000558946554075822	6.58416859172767	2050.68555578867	388.310168162031	7.0300116315585e-005	-2.74301578671508e-011	0.278131913607039	0.561868191325836	8.78261372083594e-029	5.82693593670317e-005	0.599941834050436	-0.00177497639958615	2.09312618421385	-0.000293226732653043
51819.28976	5261.4808169743	3.27110388012489e-015	0.000438211770047003	5.39285419244934	1751.4093591201	347.438746802891	0.000779205019020187	5897.74084755134	-3.63205884478224e-010	0.000501370231257014	6.14487733206786	1991.50950980059	392.296924314969	7.35162977950543e-005	-2.2298302966005e-011	0.283818199287079	0.556181907160746	1.19308372936709e-028	5.85053217462728e-005	0.599941598088891	-0.00182964304810859	2.09247946573636	-0.000298694419125005
52501.12252	5151.46128718811	2.57517503260404e-015	0.000389203525729591	4.99312020751836	1690.44903086225	349.576186018121	0.000797299497431132	5795.69511486234	-3.6942569983024e-010	0.000447559008943918	5.71682030222114	1931.18932322036	396.397007553872	7.70939221525453e-005	-1.38062635005531e-011	0.289505065106094	0.55049504079619	-4.52651780451503e-029	5.87414375528362e-005	0.599941361973383	-0.00188776230340942	2.09180857805195	-0.000304472772976224
53182.95528	5039.4578642232	1.95301302713274e-015	0.000343748278589519	4.60564567422507	1628.45511949718	351.688570569959	0.000817546725662415	5691.8453080313	-3.75839959834499e-010	0.000397440677541441	5.30040573578573	1869.68551353866	400.611707235671	8.10812006792858e-005	5.96116158382482e-012	0.295192614316146	0.544807490765132	-9.70894491381024e-029	5.89780301110642e-005	0.599941125380415	-0.00194966352490069	2.09111184661616	-0.000310589661914149
53864.78804	4925.40678161582	1.39783275520709e-015	0.000301758874370281	4.23083272618162	1565.40798032425	353.763671319054	0.000840179699112481	5586.13031192291	-3.8245910733142e-010	0.000350935234709339	4.89603765605774	1806.95576880544	404.94233961993	8.55351607411606e-005	1.32437960515745e-011	0.300880961039778	0.539119143954523	-7.30897620356755e-029	5.92154400830999e-005	0.599940887971066	-0.00201572101758611	2.090387340386	-0.000317076757131909
54546.6208	4809.24079058019	9.0333835880736e-016	0.000263140723181696	3.86908071471549	1501.28835009797	355.787347521704	0.00086547281746217	5478.48497567721	-3.89294511201145e-010	0.000307955240938319	4.50411883087954	1742.95458423788	409.390163957507	9.05236375964866e-005	2.63938495882709e-011	0.306570229850282	0.533429873109529	9.1357101851621e-030	5.94540242166472e-005	0.599940649387354	-0.00208635923175913	2.08963284466678	-0.000323969789443809
55228.45356	4690.8886871191	4.63147464286751e-016	0.000227791861091398	3.52078395832213	1436.07744409046	357.743385376852	0.000893751147123885	5368.83945694628	-3.96358582337368e-010	0.000268406066836032	4.12504991229378	1677.63282763014	413.956346465993	9.6127769507205e-005	2.2856908656359e-011	0.312260563126677	0.527739539016467	-2.35634933023291e-029	5.96941655105402e-005	0.599940409248064	-0.00216206399638457	2.0888457843735	-0.000331309633362871
55910.28632	4570.2747443355	7.13808774071505e-017	0.000195604084337897	3.18633625427694	1369.75730906603	359.612850120732	0.000925400918034013	5257.11844996029	-4.03664911535683e-010	0.000232185851075069	3.75922930755693	1610.93721264423	418.641874020998	0.000102445178940196	7.05881405718342e-012	0.317952119777104	0.522047983696882	8.80516668234501e-029	5.99362691048891e-005	0.599940167143753	-0.0022433891216716	2.0880231763436	-0.0003391425524793
56592.11908	4447.31803686964	-2.78049089101848e-016	0.00016646258327715	2.86613046878432	1302.31114547777	361.373541423607	0.000960883857523966	5143.2402631575	-4.11228484395031e-010	0.000199187009131304	3.40706192765711	1542.80972259953	423.447252727011	0.000109594226592262	-2.52389538082919e-012	0.323645086139386	0.516355019641663	8.88312951753264e-028	6.01807634038203e-005	0.599939922631204	-0.00233097541707896	2.08716152257441	-0.000347522106310935
57273.95184	4321.93152600506	-5.90985131601398e-016	0.000140246819996053	2.56056064306799	1233.72376359268	362.999186876256	0.00100075529379024	5027.11556743844	-4.1906588099402e-010	0.000169295812644644	3.06895640514333	1473.18685181064	428.372339826468	0.000117718989309675	-6.94482119894247e-012	0.329339675169905	0.510660428382868	8.86039651571738e-029	6.04282013985195e-005	0.599939675225032	-0.00242556399146074	2.08625670509389	-0.00035651002761505
57955.7846	4194.02089805981	-8.7314684827939e-016	0.000116830730067125	2.2700237261044	1163.98220829543	364.458340730822	0.00104568775835756	4908.64584610505	-4.27195562350218e-010	0.000142393094961529	2.74533033024239	1401.99872982894	433.415906667392	0.000126997609086464	-2.03909347994796e-011	0.335036144270719	0.50496396084222	5.75605062666926e-028	6.0679028260963e-005	0.599939424392882	-0.00252801812049469	2.08530383938946	-0.000366178065938285
58637.61736	4063.48302413661	-1.12992653140167e-015	9.60826774674007e-005	1.99491941192351	1093.076468211	365.713155920035	0.00109650295899046	4787.7213115009	-4.35638213573405e-010	0.000118354177291213	2.4366120996091	1329.16804262453	438.575092231053	0.00013765071859164	-1.32531781501922e-011	0.340734797716703	0.499265309173491	1.30693124489534e-028	6.09338966495688e-005	0.599939169539331	-0.00263935193254466	2.08429706135483	-0.000376610527655805
59319.45012	3930.20386767093	-1.36688085321172e-015	7.78659728017188e-005	1.73565299097803	1021.000596687	366.717367350193	0.0011542136214352	4664.21817531103	-4.44417169020053e-010	9.70492269285911e-005	2.14324485176215	1254.60872215931	443.844528989937	0.000149955696323986	7.14207764645275e-012	0.346436003292175	0.493564101051109	7.57904279040809e-029	6.1193439173556e-005	0.599938909997272	-0.00276076275695064	2.08322927608991	-0.000387906865051674
60001.28288	3794.05557596972	-1.58950962644348e-015	6.20388750143943e-005	1.49263615508016	947.754125905501	367.413723121773	0.00122008135872886	4537.99492077343	-4.53558998334956e-010	7.83436947880408e-005	1.86569283967132	1178.22435629972	449.214992798588	0.00016426474948634	3.13286280442806e-013	0.352140224145052	0.487859880685215	-3.18591195665276e-029	6.14584283644938e-005	0.59993864500871	-0.00289367814058707	2.08209178501169	-0.000400185809072826
60683.11564	3654.89233868516	-1.80326120896846e-015	4.8454769686758e-005	1.26628771957925	873.343986353777	367.730419781991	0.00129569742023424	4408.88707349572	-4.63094202585523e-010	6.20978175628036e-005	1.60444340151654	1099.90622364834	454.6714366443	0.000181031333828376	9.86783682776295e-013	0.357848038460227	0.482152067547521	2.40884728649223e-029	6.17297320074445e-005	0.599938373703269	-0.00303981447425854	2.08087376619511	-0.00041359047984271
61364.9484	3512.54431196153	-2.01393711547204e-015	3.69619503714486e-005	1.0570350293603	797.787292584491	367.575757903067	0.00138309715810962	4276.69980027503	-4.73058181966427e-010	4.81668403019498e-005	1.36001408686571	1019.5309142256	460.189785823491	0.000200848160471602	9.10456769423211e-012	0.363560187925479	0.476439915493096	7.39199572199992e-028	6.20083809754002e-005	0.599938095068675	-0.00320125663304245	2.07956153407311	-0.000428295463417568
62046.78116	3366.8084372519	-2.22746868393552e-015	2.74041765515715e-005	0.86531467738761	721.11533343653	366.830252258144	0.00148492789550209	4141.19705354352	-4.8349260043074e-010	3.64011503432307e-005	1.1329633935437	936.957462807921	465.731770904884	0.000224504406001121	2.51668457043059e-011	0.369277654282324	0.470722448355156	-5.18261001691857e-028	6.22955366334759e-005	0.599937807911957	-0.00338057027456102	2.0781374231502	-0.00044451711477591
62728.61392	3217.43404438903	-2.45035408062131e-015	1.96198584140903e-005	0.691572546606371	643.37945327091	365.334536850229	0.00160470272460552	4002.08506348952	-4.94447182797206e-010	2.66455943963717e-005	0.923897023172617	852.023931695373	471.236544580514	0.000253072635165708	2.22275869809029e-011	0.375001759947506	0.464998341639093	1.78993100407246e-027	6.25926799489746e-005	0.599937510801567	-0.00358095436519502	2.07657806905977	-0.000462527895498723
63410.44668	3064.09934025208	-2.690263004724e-015	1.3442204312472e-005	0.53626340570992	564.660182083181	362.869826579142	0.00174719984503798	3858.98638645042	-5.05982409131486e-010	1.87393052983938e-005	0.733482694161202	764.543567613867	476.606275546113	0.000288050687578649	-1.91160521444912e-011	0.380734349856747	0.45926575301346	-8.92887727328639e-028	6.29014926690352e-005	0.599937201993542	-0.00380646617314358	2.07485162087075	-0.000482678341165859
64092.27944	2906.37111570709	-2.95573262754038e-015	8.70005053241497e-006	0.39984907471772	485.081970307534	359.125022416832	0.00191912439902452	3711.39703329767	-5.18173608331666e-010	1.25153638228051e-005	0.562467802140336	674.300937248497	481.68069789841	0.000331596723463226	2.60817601892571e-011	0.386478088835109	0.453522012445407	9.42205957292056e-029	6.32241755244538e-005	0.599936879298679	-0.00406235787429801	2.07291296284859	-0.000505431435257864
64774.1122	2743.63131377824	-3.25798811549369e-015	5.2149136611926e-006	0.282794038325625	404.838405555579	353.637795029594	0.00213028125884673	3558.61138952547	-5.31117402565805e-010	7.79922299851744e-006	0.411700967497136	581.049333740865	486.189817785187	0.000386955565529238	1.02813981947599e-011	0.392237012400424	0.447763089179353	-2.65432384297822e-028	6.35635491866851e-005	0.599936539898118	-0.0043556019851088	2.07069491901588	-0.000531419518301672
65455.94496	2574.93252733289	-3.61154088609342e-015	2.80394099470921e-006	0.185557028869638	324.239107588516	345.680136038403	0.00239584801290357	3399.58042015893	-5.44942946475882e-010	4.40816643305367e-006	0.282164858927742	484.513303868675	489.659932779983	0.000459291009607021	-6.19588346300129e-012	0.398017585088595	0.441982516865817	-1.0099381675318e-027	6.39233851948367e-005	0.599936180000999	-0.0046957627983923	2.06809049565816	-0.000561545955983996
66137.77772	2398.68233379783	-4.03632335248978e-015	1.27737459181438e-006	0.108573796343934	243.806883701539	334.011065704114	0.00274137424300291	3232.61498718061	-5.59833472009874e-010	2.14920663421315e-006	0.175023526327433	384.407885099636	491.209358571862	0.000557524519569453	1.70250874200418e-013	0.403831015739768	0.436169086763488	-3.08598950819658e-029	6.43091828839236e-005	0.599935794205072	-0.00509654672011024	2.06491220218717	-0.000597185718305605
66819.61048	2211.84113980521	-4.56088179474226e-015	4.38444398937718e-007	0.0522174383598738	164.513517732592	316.252909982317	0.00321604842174407	3054.66566435823	-5.76074529550557e-010	8.16236523802661e-007	0.0916930143810634	280.514204486839	489.040229056475	0.00069920111835232	-2.0975117142713e-012	0.409699072210525	0.430301031023354	2.21933832259587e-029	6.47293110068483e-005	0.5999353740746	-0.00557884099815332	2.06078016483235	-0.000640642142382093
67501.44324	2007.32374895933	-5.22577554927531e-015	8.36869956335276e-008	0.0166815696668085	88.5147579018834	286.879665868373	0.00394066128910978	2859.10264960108	-5.94193182101278e-010	1.8578085115758e-007	0.0339589195062435	172.990180405639	478.847585928767	0.000927850413096124	5.09761404089534e-012	0.415672788420248	0.424327313053562	-4.39410793562453e-028	6.51992868181064e-005	0.599934904093795	-0.0061777555799061	2.05470898376056	-0.000696459491915449
68183.276	1760.47696867882	-6.04968789631705e-015	1.46382599823971e-009	0.00141027702668017	22.782418036393	226.895778079568	0.00543328403881686	2624.7704576166	-6.15609903618202e-010	7.81856031927004e-009	0.0041537242466875	64.4960798024699	445.473981174789	0.0014277368397219	-3.89453230839159e-012	0.421929028261248	0.418071075249802	-4.87880517668529e-029	6.57601322849645e-005	0.599934343246691	-0.00697380601186742	2.04237669956545	-0.000777259330724024
