0	1001.04400334917	18.9998626499726	0.17814277541872	0.324002645386476	0.0199851808081286	4.90415273368949e-007	9.52206089339744e-014	1001.04529472587	18.9999999875212	0.178000050491505	0.324000077904943	0.0200000006731338	5.22899735563341e-007	8.26685938854848e-010	0.239999999999292	9.99999999999994e-008	0.600000000000706	9.99999999999998e-013	9.99999999999994e-008	0.599999999999999	-0.000528718265590666	2.47524941213579	-0.000226594457415867
682.03363	1338.08233151778	18.14645338621	75.5330559243177	116.415456730612	4.73492867978381	0.000117801944450381	2.35307603106316e-011	1706.34269173848	17.8265865178439	106.298018733319	165.270906591404	6.35610101154084	0.000159671487314397	3.65741519044431e-011	0.22400340803617	9.99999990577864e-008	0.615996552776289	1.73592711632445e-012	9.99999990690331e-008	0.600000000617271	-0.00629738614064165	2.39479437517404	-0.00117825252307078
1364.06726	1715.67067186025	18.0809489016388	150.344143375802	231.246908242775	9.38623937079034	0.000233029384802089	4.64975616606999e-011	2107.05536543536	17.8803048384434	196.716074475765	303.843627081971	12.0417600668137	0.000300280462041235	6.43180114104739e-011	0.207925057154228	9.99999981220185e-008	0.632074929702049	1.512657847132e-012	9.99999981430927e-008	0.599999998028308	-0.0047175551671602	2.38758435778887	-0.000899883474670023
2046.10089	2080.40038702889	18.0046245515229	223.254901324368	343.230760001839	13.925107590779	0.000345545958725181	6.89316107789237e-011	2476.09146447983	17.8484030808787	277.15594515443	427.248494804033	17.0752596560564	0.00042489100333436	8.89296052086749e-011	0.191849785398896	9.99999971983622e-008	0.648150223901419	1.37185710541783e-012	9.99999972378182e-008	0.59999999821939	-0.00375455664263595	2.38346462687677	-0.000740429012640093
2728.13452	2430.92316061107	17.914438997697	293.596710129857	451.481562137171	18.321320345696	0.000454741715428648	9.07250813317939e-011	2826.13780292249	17.7822898930502	351.689628398437	541.865325591148	21.7507778031277	0.000540915800030589	1.11851403726836e-010	0.175778965088826	9.99999962935627e-008	0.664220917755716	1.2644626120178e-012	9.99999963612216e-008	0.59999999818569	-0.00312520538106337	2.38054855932392	-0.000634949096389262
3410.16815	2767.69833637211	17.8062884693009	361.23019234823	555.905957085931	22.5760037001223	0.000560766610260343	1.11920079640232e-010	3160.38064849766	17.6898906100593	421.785259546791	650.056261370049	26.1754232761679	0.000651115056964782	1.33631156922434e-010	0.159714541529693	9.9999995415155e-008	0.68028529313829	1.147710786e-012	9.99999955218893e-008	0.599999996290515	-0.00268224643342294	2.37828089668025	-0.000559461063555335
4092.20178	3091.40158302041	17.6742729634279	426.144184488804	656.63028567408	26.7001741302548	0.000664041831661785	1.32615501278445e-010	3480.54079028132	17.569544289895	488.153705142013	753.053314515508	30.4073008657779	0.000757064926599494	1.54592436609183e-010	0.143659051685327	9.99999945712656e-008	0.696340781687658	8.94891062811887e-013	9.99999947287878e-008	0.599999993384417	-0.00235352550862744	2.37641639416102	-0.00050256892044886
4774.23541	3402.74297337088	17.5096070746472	488.352126100904	753.873923720997	30.7109664441467	0.000765201179632661	1.52958912690086e-010	3787.82925435764	17.4143953223923	551.180691655287	851.652375604463	34.4880321193928	0.00086001189013825	1.75000364716671e-010	0.1276162704323	9.99999937705012e-008	0.712383828076994	9.38501067773199e-013	9.99999939911972e-008	0.599999993833677	-0.00209988578705401	2.37482110008866	-0.000458069133250939
5456.26904	3702.42615057849	17.2986474173103	547.842046766487	847.921134435362	34.6325837348107	0.00086516944442819	1.73167875960786e-010	4083.21367681591	17.2118652431378	611.061264168259	946.469275826221	38.455999664819	0.000961236876660515	1.95141581940369e-010	0.111592091165786	9.99999930219413e-008	0.72840795899265	8.03920426274746e-013	9.99999933187568e-008	0.599999993756887	-0.00189823631083962	2.37340923428629	-0.000422266744274643
6138.30267	3991.1435182164	17.0190801348493	604.527498123388	939.137832063533	38.5010079938816	0.000965386735211932	1.93585986054762e-010	4367.53256983793	16.9403722099082	667.826748582145	1038.07765312514	42.3562332796539	0.00106241712672207	2.15404693786653e-010	0.0955963027173043	9.99999923352868e-008	0.744403697099557	6.59158610071062e-013	9.99999927216792e-008	0.599999993694899	-0.00173406218372276	2.37211581696051	-0.000392812481601528
6820.3363	4269.59380484098	16.6319650878744	658.163072475773	1028.03998055062	42.375622542662	0.00106833724462387	2.14813940237203e-010	4641.56555960409	16.5616576169709	721.292578587468	1127.13777352407	46.2545380213764	0.00116621739598531	2.36422322422616e-010	0.0796461922065085	9.99999917212951e-008	0.760353793747741	6.42985128968528e-013	9.9999992211284e-008	0.599999993948669	-0.00159776204369181	2.37087914173731	-0.000368135245371801
7502.36993	4538.53486436646	16.0635641351152	708.149953493044	1115.47538666074	46.3686439977718	0.00117889415375069	2.38044408938375e-010	4906.10931300182	16.0029033139926	770.871749866465	1214.61686788907	50.2681992843942	0.00127766740532586	2.59408076204928e-010	0.0637758308209099	9.9999991192861e-008	0.776224076897689	9.27961264517581e-013	9.99999918012532e-008	0.599999994538583	-0.0014826961562584	2.36962003186897	-0.000347139131315814
8184.40356	4798.93211006698	15.159191150816	752.995032025227	1203.14026796987	50.7306016758539	0.00130830715807794	2.66064908723941e-010	5162.12727544212	15.1111653306547	815.014194136392	1302.34684284197	54.6513262019768	0.00140812381007011	2.8713984032531e-010	0.0480608728079994	9.99999907678703e-008	0.791938961368621	9.63341077435636e-013	9.99999915108552e-008	0.599999994670192	-0.00138403899929155	2.36819701711127	-0.000329027966819518
8866.43719	5052.44494335716	13.5546426627614	788.48923104609	1295.30722268093	56.153798066992	0.00148892080492854	3.07026659666506e-010	5411.19063173503	13.5263404501428	849.295135658693	1394.84011014739	60.0914926580928	0.00158961913264091	3.27584810469479e-010	0.0327000852043727	9.99999904781098e-008	0.807299655175157	7.36949974786695e-013	9.99999913748023e-008	0.599999994763584	-0.00129792955187016	2.36626531370674	-0.000313192222679528
9548.47082	5303.31728535229	10.3578148908961	800.27502956788	1405.69583160227	65.1585981592817	0.00184730675525496	3.9389616876636e-010	5657.12641925601	10.3647244533489	858.624851641112	1506.46565699464	69.0415507237655	0.00194466870191757	4.12191838417707e-010	0.0183275148240717	9.99999904061999e-008	0.821672262816085	8.79702426283556e-014	9.99999914831082e-008	0.599999994375003	-0.0012203589722978	2.36271324389523	-0.000299138605325208
10230.50445	5564.77616258012	4.63730109964053	736.570276739872	1580.20188053209	89.4614100335455	0.00309776192717985	7.2998952319159e-010	5911.68102380392	4.67704414164142	788.637997429501	1685.43072742872	92.7992419338313	0.00315037548139272	7.29909846982965e-010	0.00702718828887614	9.99999909139689e-008	0.832972643268683	-3.3825441526829e-013	9.99999922202222e-008	0.599999993477887	-0.00114702132293289	2.3535810942715	-0.000286766484992808
10912.53808	5856.69519620826	0.647753744033037	529.207035739863	1853.63431029012	171.333650460423	0.00968611839759929	2.91657888811903e-009	6194.42767780821	0.659469622978047	566.818816880025	1970.64295605239	173.577459092226	0.00944616984968439	2.76090214131818e-009	0.00170441755107308	9.99999945996467e-008	0.838295388148745	-2.98038211410595e-012	9.99999962780323e-008	0.599999992917002	-0.00108858169227286	2.33270823517306	-0.000277672253923228
11594.57171	6170.61642090784	0.0433068219096741	297.022191541727	2043.54317597267	371.020581058246	0.0411995834152621	1.73868066430572e-008	6500.60581696575	0.0441819442304259	318.165844347002	2171.03818362051	375.806417103171	0.0399873163104802	1.63093617554087e-008	0.000348855993891509	1.00000021738689e-007	0.839650955837152	-3.85536258363555e-013	1.00000024608914e-007	0.599999991809637	-0.00105541189543622	2.30548584748505	-0.000272040357095103
12276.60534	6490.58546402439	0.00330029249933045	154.323644033889	2019.69513730641	697.525193243486	0.147334897129562	8.57560330279172e-008	6815.5618203866	0.00336013543211348	165.034407555877	2144.20512886814	713.589093832981	0.145092995279173	8.16418608862272e-008	7.01277530311948e-005	1.00000189539462e-007	0.839929643302978	-1.06018800796737e-013	1.00000199946529e-007	0.59999998681984	-0.00102444580237241	2.28090048991225	-0.000265322201434046
12958.63897	6811.6102771769	0.000372176427679105	81.8726167846092	1848.53496700015	1101.38461690794	0.401342158242277	3.06826959825541e-007	7134.28771643392	0.000378104571420289	87.3368706563004	1959.54118474165	1135.4776215396	0.40036641930276	2.96065921415694e-007	1.40804133535463e-005	1.00000937500636e-007	0.839985669740747	-1.96832275225834e-014	1.00000988765919e-007	0.599999991503056	-0.000986404095545561	2.26107085109352	-0.000256019721615545
13640.6726	7132.75188163335	5.53623665944913e-005	44.1939855334632	1606.52326180594	1541.11235008749	0.904147002410405	8.77076610268802e-007	7454.56196374858	5.61785414223035e-005	47.0356715115885	1700.00523406486	1595.35924686453	0.908321112133943	8.51920013309947e-007	2.82745637543703e-006	1.00003483729546e-007	0.839996927086942	-3.88358945903525e-015	1.00003686730634e-007	0.599999994202345	-0.000946372612718303	2.24456857206902	-0.000245882463926409
14322.70623	7453.88172245076	9.23447947343757e-006	23.3947741249685	1330.68314608007	1997.35165697025	1.83350831257937	2.22485229651312e-006	7775.4178785437	9.36888423405638e-006	24.8562028864049	1405.82519478999	2071.60362027018	1.84659971257839	2.16323631916248e-006	5.67931291062105e-007	1.00010851968603e-007	0.839999177652901	-7.82531620054879e-016	1.00011488480048e-007	0.599999992524202	-0.000907513998640651	2.22978214198997	-0.00023593745052709
15004.73986	7774.99021843623	1.4800122432577e-006	11.5411077624285	1037.48839329488	2461.18001440492	3.57056946256519	5.44694224714936e-006	8096.52783578542	1.48821753510652e-006	12.2511788662375	1094.70038972711	2554.51294042657	3.59184029320551	5.27606635688286e-006	1.13901271813419e-007	1.00030675784842e-007	0.839999619842201	-7.01689792695388e-011	1.00032368219344e-007	0.599999990813353	-0.000870733862576323	2.21538490125139	-0.000226504966234885
15686.77349	8096.07578364304	1.86938267117999e-007	4.87769781688465	735.511976977893	2926.77285184374	7.12185669782452	1.40715766634654e-005	8417.81943643351	1.79941684820382e-007	5.18077354457906	775.667026857942	3038.07701243243	7.12384932531146	1.34952082206152e-005	2.27477029593152e-008	1.00084597119311e-007	0.839999711484683	-4.79223787148268e-011	1.00088575929747e-007	0.599999991228873	-0.000835944229856405	2.199913266259	-0.00021761172795639
16368.80712	8417.1149182149	1.24780930356104e-008	1.45740621013553	432.355867707969	3384.74883170951	16.2008061419161	4.49024225962051e-005	8739.43903392599	9.09232223197858e-009	1.55443275352307	456.544935350653	3513.13101782206	15.9635974036706	4.20801684555134e-005	4.64623486817769e-009	1.00252374986579e-007	0.839999728073597	-5.43403731483637e-011	1.00260017962352e-007	0.599999991154211	-0.000801976877276875	2.18070447023688	-0.000209003087850952
17050.84075	8737.90601384826	1.33352414778821e-010	0.168404149864849	155.380646259604	3783.28009926225	56.2745535934065	0.000275177983723919	9062.79104246837	-5.24702881362468e-010	0.182297692381662	165.133868319784	3930.75502379106	53.2017745059721	0.000242918371577272	9.44302382404313e-010	1.0103867100977e-007	0.839999728716368	-1.07637342139251e-011	1.01201662215327e-007	0.599999990308162	-0.000760359840373773	2.15018063135398	-0.000198260298118802
17732.87438	9058.06065304716	3.32978140810623e-013	0.00859162184835759	35.462265492615	3862.73821209174	256.892445057248	0.00265760950736158	9390.57870890691	-1.78672215034606e-010	0.00919694346341286	37.4447791132931	4028.27822767792	247.971215846763	0.00240478710867241	1.95777523244797e-010	1.10039719440299e-007	0.839999720270696	-1.11425780449461e-012	1.09811882109249e-007	0.599999981651277	-0.000703819779102196	2.11150053068656	-0.000183207362732686
18414.90801	9378.85867186815	1.33505112950991e-014	0.00166670841698856	15.3760320985328	3743.40727766705	556.669164538183	0.00860775458773675	9713.82448255631	-1.82589283394781e-010	0.00176139450027426	16.1231084702882	3903.23421972358	556.239699680476	0.00801503648784146	3.62465624220602e-011	1.70040791759424e-007	0.839999660464764	-2.23744664766274e-013	1.69235745319738e-007	0.599999922223382	-0.00067483789152763	2.09128043896686	-0.000175698071252269
19096.94164	9699.87934894193	1.91492911139131e-015	0.000605405205013215	9.08361252182339	3596.7404367955	870.099230655306	0.0171558722179096	10035.3390912699	-1.83316668933108e-010	0.000636384186197933	9.49414516819969	3746.96641119774	880.106742772944	0.0147890030847701	4.68549692621862e-012	5.08536054350585e-007	0.839999322015534	-4.49334993534912e-014	4.88649213420041e-007	0.599999602815613	-0.000651926315356138	2.07932761011027	-0.000169716299699835
19778.97527	10020.7177580546	4.71496657466891e-016	0.000285689523841929	6.10559187109962	3443.49372988289	1186.7021866892	0.027915081380422	10356.3252830482	-1.83462450100251e-010	0.000299374520146991	6.36814402899411	3583.95958257088	1206.92951318279	0.0157307604892673	4.55099081096887e-012	4.00388227595369e-006	0.839995826794183	-9.05140155039611e-015	2.4457307521805e-006	0.599997645735967	-0.000631069262297053	2.07082458617835	-0.000164269057328218
20461.0089	10334.4031017758	1.70909947977933e-016	0.000156298713882571	4.41429422276666	3290.06810393523	1498.57886419114	0.0401078031987585	10671.533591713	-1.8354063417238e-010	0.000163364662065705	4.59580155782814	3420.74634793912	1529.66929109893	0.00817967262566762	2.35474336549836e-012	0.000114336517768681	0.839885494072149	-1.76357986144253e-015	1.16260935798786e-005	0.599988465372288	-0.00061158738470373	2.06427079147142	-0.000159270777922599
21143.04253	10280.0072833197	3.64301166920078e-016	0.000151855518606488	4.33032013950093	3258.58919434275	1500.78934471625	0.0266939513610736	10686.1926286915	-1.84531748972202e-010	0.000156050585840414	4.46882072840314	3368.19428191176	1587.03654494958	0.00162433688350583	-5.94889073215202e-013	0.00579338313301347	0.834206447421461	1.53446251044022e-014	3.07953410978766e-005	0.599969296128849	-0.000641997004897833	2.06411753012057	-0.000158457882251187
21825.07616	9491.66863127243	1.68856366341636e-015	0.000515815724279315	8.22707378697338	3462.71370227526	892.102964310546	0.00763332170379257	9966.70227049604	-2.01001201034391e-010	0.000533327323340842	8.55713638052124	3612.12893087971	971.063842556353	0.000406310135624695	-5.08243957589847e-013	0.0225571952426261	0.817442635310749	-3.60632102089079e-014	3.84099035907135e-005	0.599961681568615	-0.000755883573326725	2.07814335261244	-0.000170161919696049
22507.10979	9039.82706516534	1.03767780000156e-014	0.00138312435970512	13.6460709792289	3552.87960622457	565.834524766941	0.00357366981388704	9489.64056846325	-1.85338604211446e-010	0.00144308462326581	14.2779002519572	3724.92777382266	608.929075807312	0.000199115169257695	6.6148629506739e-013	0.0341815666408585	0.805818263855523	7.66292778656994e-014	4.10889186774856e-005	0.59995900255301	-0.000777739708392216	2.09012469374038	-0.000179166974677947
23189.14342	8819.64412714074	3.00023326881096e-014	0.00237508590632912	17.9169464953394	3566.79258307967	434.163161470645	0.00233134659528613	9250.77150192118	-1.98986553274986e-010	0.00248886494939319	18.7926600725804	3744.64337549068	461.65238579103	0.000132665889999528	1.54319511457967e-013	0.042289670841273	0.797710159653535	1.80036553056972e-014	4.25614597756883e-005	0.599957530011904	-0.000791071687045413	2.09695263993109	-0.000184116704075888
23871.17705	8691.12956222001	5.05075696234318e-014	0.00307287603099578	20.3377494693808	3552.14740988677	379.276624721392	0.00183243243390923	9115.88939016397	-2.04275469795497e-010	0.00322828420635469	21.365186962431	3732.47036737884	400.735499723899	0.000104593346659678	1.35450159665637e-012	0.0490066474419194	0.790993183016853	3.61733671865957e-015	4.3616371133831e-005	0.599956475100103	-0.000803682674718315	2.1003526170796	-0.000187055785721712
24553.21068	8597.62901516738	6.4828062519333e-014	0.00345842298561583	21.4998361137322	3527.14160377627	353.710338570627	0.00157764211819411	9022.12969367453	-2.07467595909812e-010	0.00363939509595808	22.6133813659057	3709.38647890049	372.800151168	8.97226338989021e-005	-1.30804224492162e-012	0.0551876376548726	0.784812192661865	7.31981489637656e-016	4.44827956165813e-005	0.59995560867644	-0.00081621246356487	2.10203896255883	-0.000189143421271732
25235.24431	8517.7680032673	7.35508782595147e-014	0.00365417373216721	22.0083741086536	3497.98201506147	339.831125302365	0.0014177063517642	8944.53188998192	-2.10230830917766e-010	0.00385031142121761	23.1729459457264	3682.03689346568	357.953435927796	8.0221347336901e-005	1.61178296306382e-011	0.0611534613337774	0.77884636848873	1.50004785083145e-016	4.52415580612219e-005	0.599954849921074	-0.000828792159687985	2.10294638091953	-0.00019089304952363
25917.27794	8443.45260275107	7.87626393111271e-014	0.00374836239564975	22.19072928865	3466.82996407111	331.051968110198	0.00130194603111607	8873.47493005183	-2.1291065997299e-010	0.00395400274669985	23.388629655958	3652.64083225886	348.770246340896	7.33421954315593e-005	2.3867098832051e-011	0.0670248983540075	0.772974932271215	2.47699546141241e-017	4.59267256275382e-005	0.599954164803373	-0.000841488412442027	2.10349008855252	-0.000192516161718563
26599.31157	8371.53066865899	8.18115657289024e-014	0.00378506546239224	22.1948191880364	3434.4789571715	324.834968320681	0.00121102306116988	8805.21060255097	-2.15594515601973e-010	0.00399699718529886	23.4163412435657	3621.99935621037	342.399011986026	6.79956131415813e-005	4.06420258923001e-011	0.0728486995937321	0.767151131264057	3.00417958078583e-017	4.65555579231911e-005	0.599953535961837	-0.000854350679907739	2.1038430380994	-0.000194098250556512
27281.3452	8300.68919341973	8.33860340878802e-014	0.00378478720336142	22.0863504207783	3401.24179628048	320.136538742095	0.00113641396958086	8738.20333268435	-2.18306784131682e-010	0.00400093463154776	23.325322709956	3590.43059876079	337.675491231589	6.36777239213245e-005	-4.48444651452055e-012	0.078644190236462	0.761355640321839	2.21060417575438e-017	4.71386893673246e-005	0.59995295280546	-0.000867424169205366	2.10407869997968	-0.000195675444923593
27963.37883	8230.31151970173	8.3849450657772e-014	0.00375777237127443	21.8971538919495	3367.25464901677	316.476034373357	0.00107367705321078	8671.75656234134	-2.21050638082729e-010	0.00397660269616011	23.1490636402649	3558.07743400194	334.07012526538	6.01143466595923e-005	-1.76325366433923e-011	0.0844203391302473	0.755579492332511	-3.85697328279305e-018	4.76835100640155e-005	0.599952407978201	-0.000880748273316567	2.10423125895131	-0.000197264355080583
28645.41246	8160.05819631026	8.34219656035343e-014	0.00370997079428372	21.6451323939529	3332.58410339005	313.596692682122	0.00102011664213318	8605.5037769742	-2.23840283905748e-010	0.00393025204915137	22.9063695918106	3525.01335713254	331.304135648807	5.71343649242757e-005	-2.14144697090414e-012	0.0901819914421202	0.749817840032843	-2.24641125442532e-017	4.81955711900337e-005	0.599951895950226	-0.000894360917697214	2.10431901371504	-0.000198874365918101
29327.44609	8089.7112619853	8.22620758184466e-014	0.00364543220590666	21.3420412390558	3297.26626056822	311.33993008529	0.000973908633021765	8539.2191485786	-2.26678805783216e-010	0.00386612746474986	22.6095643022392	3491.28060883547	329.207635877937	5.46211108177406e-005	-1.53707898793146e-011	0.095932177867212	0.744067654501719	-4.18760674909e-017	4.8679128542548e-005	0.599951412370439	-0.000908296692314892	2.10435332511275	-0.000200511661173629
30009.47972	8019.11347786596	8.05003412496585e-014	0.00356725377292225	20.9965653346641	3261.32203134321	309.59605152716	0.000933729608585571	8472.74468921843	-2.29545590957652e-010	0.00378746881451478	22.2677318012161	3456.90500979877	327.664623581979	5.24895964271389e-005	-3.87763888810628e-012	0.101673011835882	0.738326819610633	-3.04557640665812e-017	4.91378057193288e-005	0.599950953715903	-0.000922586474652503	2.1043421366656	-0.000202180748345847
30691.51335	7948.14276133323	7.82466074447576e-014	0.00347793819809957	20.6155181717826	3224.76326744879	308.284313510775	0.00089858262474065	8405.95982945585	-2.32479491228721e-010	0.0036969003373107	21.888014101243	3421.90273000912	326.589738237342	5.06766687956619e-005	-2.66107519227352e-012	0.107406072939921	0.732593761291517	1.90472247932748e-017	4.95744018306637e-005	0.599950517081222	-0.000937264738749781	2.10429136162363	-0.000203886204377025
31373.54698	7876.69987544571	7.55992120011222e-014	0.0033796013568414	20.2045317588861	3187.59630942156	307.341863899932	0.000867692520161237	8338.76804313567	-2.35460173022636e-010	0.00359663212482359	21.4762832157569	3386.28312273157	325.917620516509	4.91331586952294e-005	7.97460516959608e-012	0.113132585757568	0.726867243660345	-2.89243683045683e-017	4.99914911105638e-005	0.599950100033685	-0.000952359105733478	2.10420567466212	-0.000205631261665195
32055.58061	7804.70127059843	7.26425468843546e-014	0.00327404077527846	19.7683090565447	3149.823341117	306.71904463317	0.000840448303598339	8271.08875666741	-2.38489045636386e-010	0.00348854703470061	21.0374531416241	3350.05090892561	325.596656679801	4.78214329491572e-005	2.14385033115598e-013	0.118853533738428	0.721146299385238	-9.00725476653999e-018	5.03909697580951e-005	0.599949700514081	-0.000967900433377476	2.10408880246839	-0.0002074194489949
32737.61424	7732.07490511677	6.94523477457003e-014	0.0031628015520614	19.3108460335407	3111.44351110414	306.375806096825	0.000816361044126197	8202.85302464003	-2.41585039883002e-010	0.00337426514215465	20.5756999514866	3313.20725576032	325.585411941886	4.67114725004183e-005	2.42979097914588e-012	0.124569710808212	0.715430122547573	-1.43305795160022e-017	5.07746703698577e-005	0.599949316756982	-0.000983920592835318	2.103943769929	-0.000209254301971121
33419.64787	7658.75740892622	6.60934139857354e-014	0.00304722445383763	18.8355911246829	3072.45372876418	306.279174523087	0.000795034402111965	8134.00065732897	-2.44730269982547e-010	0.00325519217730647	20.0946208355684	3275.75053251414	325.850150739585	4.57792030984468e-005	-2.62877218670278e-011	0.130281775744833	0.70971805813394	-3.63507746548377e-018	5.11441947172285e-005	0.599948947238378	-0.00100045103350312	2.10377307787931	-0.000211139147288229
34101.6815	7584.69197311104	6.2624020352674e-014	0.00292847129445984	18.345528340735	3032.8490100305	306.401934685829	0.000776144955829698	8064.47805317849	-2.47939098594996e-010	0.00313254513441889	19.5973210363957	3237.67684946609	326.363290023408	4.50057992253501e-005	-4.49162857861471e-012	0.135990278697515	0.704009555659191	2.55680606464385e-018	5.15007966492963e-005	0.599948590630712	-0.00101752317267855	2.10357878737576	-0.000213077165124371
34783.71513	7509.82694673544	5.90926721494418e-014	0.00280755932294535	17.8432846610051	2992.62302562524	306.72098275025	0.000759425766053466	7994.23677813666	-2.51225413174616e-010	0.00300739456122365	19.0865433011474	3198.98057379175	327.101669397487	4.43759823474506e-005	1.49372606377291e-011	0.141695678977466	0.698304156802291	-3.99052449976588e-017	5.18456362890399e-005	0.599948245768855	-0.00103517199843255	2.10336263306379	-0.000215071944322582
35465.74876	7434.11449923375	5.5540610051028e-014	0.00268536874576909	17.3311503480018	2951.76803299532	307.217136221518	0.000744656837500967	7923.23222696184	-2.54559908923159e-010	0.00288066368525816	18.5646652026335	3159.65444332564	328.046305611925	4.38774971492638e-005	-4.76414633863521e-012	0.147398368144096	0.692601466556389	-2.78842078782976e-018	5.21797679762241e-005	0.599947911623057	-0.0010534317344613	2.10312603478352	-0.000217126807266784
36147.78239	7357.50989156577	5.20050125451107e-014	0.00256267231021625	16.8111674722971	2910.27535511807	307.873803893011	0.000731654733342267	7851.42290176529	-2.57970414715896e-010	0.00275316727372271	18.0338144994385	3119.68994317938	329.181029722664	4.35005964991995e-005	-3.76053261266442e-012	0.153098684474342	0.686901150602609	-5.59845813272481e-019	5.25041154575243e-005	0.599947587276093	-0.00107234055559507	2.10287019077395	-0.000219245529313141
36829.81602	7279.97069240867	4.85158484388368e-014	0.00244014448376311	16.2851540873635	2868.13539162336	308.676731354874	0.000720266667715745	7778.76964146672	-2.61453105675429e-010	0.00262561635590693	17.4958799985301	3079.07736932974	330.492262093453	4.32375974182562e-005	3.03749466386092e-012	0.158796918579236	0.681202917576725	-1.12403471652953e-019	5.28195069818476e-005	0.599947271907781	-0.0010919379081007	2.10259609730982	-0.000221431911128539
37511.84965	7201.45622384658	4.50982117649256e-014	0.00231837357516064	15.7547367520774	2825.33772224404	309.613586924243	0.000710365355739593	7705.23506785113	-2.65010417020837e-010	0.00249863146936362	16.9525476797007	3037.80595732985	331.968552614681	4.30827389113772e-005	-2.14252975206597e-012	0.164493323018632	0.675506512318568	-2.25678322316704e-020	5.31266278682683e-005	0.599946964779393	-0.00111226525349203	2.1023045767316	-0.000223689878226067
38193.88328	7121.92714682716	4.17730987987493e-014	0.00219787571298175	15.2213902571357	2781.87129579303	310.673390852052	0.000701844403989587	7630.78319527384	-2.68645114378075e-010	0.00237275877350522	16.4053458732072	2995.86399798692	333.600069996193	4.30315917580629e-005	7.20982077364031e-012	0.170188118463897	0.669811716274335	-4.53103269439883e-021	5.34261651064064e-005	0.599946665222665	-0.00113336680895346	2.10199631930507	-0.000226023580805369
38875.91691	7041.3450518002	3.85569119356831e-014	0.00207909578141622	14.6864326104354	2737.72427846529	311.846723107642	0.000694616365601315	7555.3789643614	-2.72360123655919e-010	0.00224847179787932	15.8556453593948	2953.23888631191	335.378522358549	4.30811424859365e-005	-6.86203759418312e-012	0.175881502021358	0.664118333191818	-9.09723639390379e-022	5.37187252724446e-005	0.59994637262802	-0.00115529205803829	2.101671857644	-0.000228437768798472
39557.95054	6959.67214725181	3.54633495013566e-014	0.0019624245090003	14.151077884349	2692.88434797892	313.124935200588	0.00068860875433997	7478.98803851443	-2.76158482018347e-010	0.00212618381545119	15.3046936948964	2909.91711346703	337.296868426927	4.32294201123903e-005	-6.18377744286155e-013	0.181573645945112	0.658426189030188	-1.82649003221153e-022	5.40049542996715e-005	0.59994608643797	-0.00117808990358739	2.10133164072286	-0.000230936849364765
40239.98417	6876.8710237069	3.25024242287062e-014	0.0018481966860032	13.6164218779819	2647.33851674851	314.500464277975	0.000683763411207937	7401.5764695928	-2.80043369744593e-010	0.0020062531969186	14.7536261387757	2865.88436662977	339.349109357877	4.34759278762513e-005	-4.77451769835396e-012	0.187264707000988	0.652735128438305	-3.66711969368809e-023	5.42852541413181e-005	0.599945806139705	-0.0012018164113877	2.1009759896533	-0.000233526080145451
40922.0178	6792.90442494059	2.96817137845341e-014	0.0017367029964086	13.0834781014954	2601.07333636474	315.966279631806	0.000680033946015581	7323.11054491604	-2.84018105824839e-010	0.00188899194308407	14.2034892182694	2821.12550812203	341.530090504803	4.38209233139593e-005	-8.50199334133215e-012	0.192954824551714	0.647045011129839	-7.36254739440335e-024	5.45601427292624e-005	0.599945531259096	-0.00122653100860246	2.10060514811136	-0.000236210939705391
41604.05143	6707.73502736158	2.70064145384216e-014	0.00162819184837164	12.5531783957115	2554.07482399909	317.515959120459	0.000677385061017723	7243.55654606909	-2.88086157056635e-010	0.00177466692793899	13.6552405219933	2775.62455820669	343.83550015591	4.42658507311899e-005	1.43685216793574e-013	0.198644125575789	0.641355710033224	-1.47832051194917e-024	5.48300406585722e-005	0.599945261355207	-0.00125229701212523	2.10021927222937	-0.000238997180731392
42286.08506	6621.3252802158	2.44793584229916e-014	0.00152287396740491	12.0263834247044	2506.32849297599	319.14355470183	0.00067579160681394	7162.88058619571	-2.92251155424847e-010	0.00166350632971857	13.1097638316407	2729.36470677133	346.26170923474	4.48130743295147e-005	-2.1161959980017e-012	0.204332725976892	0.635667109640847	-2.96900957490667e-025	5.50953804765858e-005	0.599944996015667	-0.00127918321137338	2.09981843545461	-0.000241891041673565
42968.11869	6533.63724922898	2.21019713497161e-014	0.00142092625542483	11.5038916514372	2457.81937106124	320.84348099076	0.000675237925507897	7081.04845936644	-2.96516913147563e-010	0.00155570348449114	12.5678790607452	2682.32829618999	348.805676392197	4.54660334249363e-005	-1.90846549407542e-012	0.2100207322039	0.629979103026513	-5.9504748277621e-026	5.53565474932835e-005	0.599944734853185	-0.00130726464107502	2.09940263280328	-0.000244899324563379
43650.15232	6444.6324668464	1.98740124621812e-014	0.00132249519774948	10.9864465802846	2408.53200994378	322.610433450473	0.000675717418195814	6998.02548714801	-3.00887436346383e-010	0.00145142024162337	12.0303485182834	2634.49679142618	351.464893551983	4.62292960252222e-005	6.0706722271951e-012	0.215708243452185	0.624291592533928	-1.217080111368e-026	5.56138931536737e-005	0.599944477502036	-0.00133662293331931	2.09897178321289	-0.000248029404081695
44332.18595	6354.27178621715	1.77936198018698e-014	0.00122769962981112	10.4747431120345	2358.4504857552	324.439319826583	0.00067723233991568	6913.77637732618	-3.05366933140973e-010	0.00135078878185831	11.497880475855	2585.85072921793	354.237374416364	4.71084874777087e-005	-5.6807860727545e-012	0.22139535205419	0.618604483245178	-2.37987296901576e-027	5.58677870053536e-005	0.599944223614504	-0.00136734612636021	2.09852573149874	-0.000251289144583713
45014.21958	6262.51527146405	1.58584090870818e-014	0.00113663489644542	9.96943950192741	2307.55849963439	326.325000280202	0.000679793339758179	6828.26512596789	-3.0995984722058e-010	0.00125391710347536	10.9711440016739	2536.36969764075	357.121492664202	4.81105367042422e-005	8.05290704342627e-012	0.227082146132317	0.61291768842323	-4.83232446729912e-028	5.61185553392863e-005	0.599943972858548	-0.001399529539958	2.09806426252132	-0.000254686974617759
45696.25321	6169.32207198603	1.40642155586839e-014	0.00104937205914904	9.47114850484218	2255.83923153866	328.262550820051	0.000683420403970677	6741.45484234701	-3.14670872813506e-010	0.00116088983874014	10.4507683510776	2486.03230114195	360.115984224537	4.92437382273416e-005	-8.41188740585282e-012	0.232768708421232	0.607231124992712	-4.27926102453594e-029	5.6366499887157e-005	0.599943724915086	-0.00143328077990811	2.0975870646256	-0.000258232595989609
46378.28684	6074.65025744012	1.24071560342466e-014	0.000965963041927496	8.98045666474444	2203.27550219844	330.246846632394	0.000688142302895413	6653.30763565562	-3.19504964197123e-010	0.00107176895703782	9.93734331318733	2434.81603390584	363.220009924925	5.05178629890844e-005	-1.17641255210382e-011	0.238455120087243	0.601544713951309	-9.65950032414638e-029	5.66119369855168e-005	0.599943479475202	-0.00146871301607717	2.09709377054852	-0.000261935862785086
47060.32047	5978.45673597802	1.08819553971558e-014	0.000886439801345972	8.49791447539054	2149.84964413808	332.272817020766	0.000693997922897994	6563.78446165496	-3.24467369976978e-010	0.000986597559385881	9.43142867919679	2382.69727713822	366.43301569823	5.1944378642905e-005	-6.43001764989665e-012	0.244141457911369	0.595858375636186	4.82286420028344e-029	5.68551774702857e-005	0.599943236238578	-0.00150595408104528	2.09658391131142	-0.000265808101589018
47742.3541	5880.69711241351	9.48291314481902e-015	0.000810818133938262	8.02405122918554	2095.54366038779	334.335055082848	0.000701036227174941	6472.8450205859	-3.29563666981645e-010	0.000905402014161016	8.93356074763585	2329.6511953036	369.754685297242	5.35367101650465e-005	-4.12363054915451e-012	0.249827800059366	0.590172034069752	3.50507463794581e-029	5.70965062355417e-005	0.599942994910809	-0.00154514372834794	2.09605694405985	-0.000269861577094459
48424.38773	5781.32554167408	8.20400231172735e-015	0.000739098099797027	7.5593724439794	2040.33916312248	336.427907783939	0.000709317577651598	6380.44756701308	-3.34799775719665e-010	0.000828191668562617	8.44424850782965	2275.65162670641	373.185009973314	5.53104814399442e-005	-1.31445953170863e-011	0.255514222336498	0.5844856124778	-7.34006202538308e-029	5.73362168823536e-005	0.599942755201667	-0.00158643540965809	2.0955122317283	-0.000274109650935117
49106.42136	5680.29459224325	7.03918418634644e-015	0.000671265287357559	7.10436286368722	1984.21740602771	338.545373105259	0.000718914924525774	6286.54875351604	-3.40182002255672e-010	0.00075496119773331	7.96397969852012	2220.67098880112	376.724221154098	5.72838850124942e-005	9.68783018713942e-012	0.261200801391097	0.578799032677691	5.51768156177519e-029	5.75746020897135e-005	0.599942516822705	-0.00162999919718825	2.09494903341707	-0.000278567092308003
49788.45499	5577.55509640386	5.98146437436991e-015	0.000607292090515187	6.65948917796205	1927.15931986632	340.680996141172	0.000729915307109005	6191.10345491608	-3.45717077079011e-010	0.000685691833715824	7.49322417122019	2164.68015629279	380.372760319991	5.94781287031512e-005	-1.27438642508533e-011	0.266887616361846	0.573112218074683	-3.99662095231482e-029	5.78119369580875e-005	0.599942279485597	-0.00167602426798133	2.09436649365556	-0.000283250296998112
50470.48862	5473.05597504869	5.02464341840649e-015	0.000547138813482381	6.22520236322324	1869.145546491	342.827767711865	0.000742421763494309	6094.06455451278	-3.51412196423364e-010	0.000620352232178453	7.03243472681993	2107.64830831109	384.131285187991	6.19179086928782e-005	-1.145452670506e-011	0.272574747856786	0.567425086755835	3.15434406965735e-029	5.80485172002885e-005	0.599942042899582	-0.00172472095061505	2.09376362992417	-0.00028817741185389
51152.52225	5366.74405223262	4.16198211118515e-015	0.000490754755527178	5.80194109871548	1810.15651121081	344.97795399069	0.000756555514734446	5995.38271767912	-3.57275063822899e-010	0.000558899093293428	6.58204817503402	2049.54275360746	388.000674844967	6.46320397503728e-005	3.51496420557687e-011	0.278262281328909	0.561737552112517	3.51707086675085e-029	5.82846528536804e-005	0.599941806769394	-0.00177632226816875	2.09313932331302	-0.00029336835628696
51834.55588	5258.56387829295	3.38614367213076e-015	0.000438079131716921	5.39013354730827	1750.17252426296	347.122884225366	0.000772458789612451	5895.00617923131	-3.63313985815145e-010	0.000501280454535753	6.14249837735789	1990.32878870567	391.981815430166	6.76543509942653e-005	3.14633142644746e-012	0.283950304915681	0.556049528067356	-2.74266319773672e-028	5.85206286885099e-005	0.599941570793191	-0.00183109232382908	2.09249229305616	-0.000298845819235191
52516.58951	5148.4574242743	2.69095847617151e-015	0.00038904134439424	4.99019655621978	1689.17374390458	349.252988727084	0.000790298740370369	5792.88032755518	-3.6953787618133e-010	0.000447432333372298	5.71419877218994	1929.96938569733	396.075906584689	7.10245201739639e-005	-2.07150914308398e-011	0.289638916216245	0.550360918813345	-4.58636499991216e-029	5.87567655549633e-005	0.599941334659394	-0.00188932400935859	2.09182107179295	-0.0003046346395889
53198.62314	5036.36388507558	2.06977381485152e-015	0.00034356218039232	4.60253972981945	1627.14039084296	351.357404206895	0.000810271516491649	5688.9474508643	-3.75956389280656e-010	0.000397283191820488	5.29756204004749	1868.42501299975	400.28412181114	7.47893883488419e-005	1.22726078223945e-011	0.295328216361232	0.544671616096769	1.41457374115504e-028	5.89933824746205e-005	0.599941098044293	-0.00195135029678708	2.09112397622572	-0.000310763127482716
53880.65677	4922.21931521771	1.51580072749375e-015	0.000301554245853279	4.22756690527363	1564.05284778178	353.42375498701	0.000832607762843418	5583.14627008178	-3.82579986236281e-010	0.000350752931899529	4.89299410006347	1805.65328360529	404.607701045906	7.90044361358599e-005	1.8556797465755e-011	0.301018321438115	0.538981509954251	-2.49011395755295e-030	5.92308198859602e-005	0.599940860608628	-0.00201754686784751	2.0903990763507	-0.000317263036742295
54562.6904	4805.95625216481	1.02264102481974e-015	0.000262922456339551	3.86567665634061	1499.89180136049	355.437899273496	0.000857579610405015	5475.41141279753	-3.89420038930885e-010	0.000307753404823083	4.50089587714524	1741.60859510593	409.047888525668	8.37357565717214e-005	2.29752128571963e-012	0.306709357575491	0.53329047467023	-7.80644667525457e-029	5.94694338538165e-005	0.599940621994122	-0.00208834032853605	2.08964414499622	-0.000324170293735312
55244.72403	4687.50326888328	5.84191952453203e-016	0.000227564854712646	3.51726558564605	1434.63852263515	357.38341532142	0.000885508947384328	5365.67281642127	-3.96488967766196e-010	0.000268189555007047	4.12166821427147	1676.24170962193	413.605788273138	8.90624570821761e-005	2.17178272843287e-012	0.312401466214015	0.527598366437496	2.56510032849122e-031	5.97096100391974e-005	0.599940381819068	-0.00216421684871008	2.08885661219013	-0.000331525657773485
55926.75766	4566.78439795183	1.94105666151578e-016	0.000195372535220732	3.18272666317201	1368.27503359668	359.241322392325	0.000916778946806837	5253.85493000221	-4.03800389017971e-010	0.000231959610151525	3.7557121683758	1609.49923772853	418.282273159721	9.50798891941456e-005	-2.44069176115777e-011	0.318094809651026	0.521905025446346	1.3038837391466e-029	5.99517570160113e-005	0.599940139673477	-0.00224573574385815	2.08803347419372	-0.000339376016987837
56608.79129	4443.71843533511	-1.53417039386204e-016	0.00016623072093095	2.86245429172422	1300.78458979408	360.989212425485	0.000951847320963277	5139.87577536367	-4.11369304583879e-010	0.000198955541947982	3.4034326141201	1541.32302648158	423.077768477745	0.000101903690598452	-4.84739746425171e-012	0.323789572482228	0.516210262663031	-6.86219507592342e-029	6.01963247920554e-005	0.599939895113378	-0.00233353979259065	2.08717122973738	-0.0003477749855709
57290.82492	4318.21802941954	-4.64360575023716e-016	0.000140018311782208	2.55684300684018	1232.15203789738	362.600641646946	0.000991264972888428	5023.64569949967	-4.19212317919096e-010	0.000169063367884423	3.06523920547297	1471.64941754332	427.992020565644	0.000109675319506082	7.12579431597021e-012	0.329485971479585	0.510513862186759	3.6587337991463e-028	6.04437836765713e-005	0.599939647653754	-0.00242837453628001	2.08626574582221	-0.000356784666678304
57972.85855	4190.18850078886	-7.44307586973525e-016	0.00011660879304064	2.26628961048152	1162.3644274818	364.044049479707	0.00103569955080238	4905.06578231983	-4.27347901659645e-010	0.000142163175362193	2.74154817970689	1400.40834817722	433.023720904078	0.000118568754374386	-2.92180253065271e-011	0.335184264747772	0.50481557089655	7.5214215183218e-028	6.06947266580852e-005	0.599939396758518	-0.00253110835912256	2.08531211295116	-0.00036647724484464
58654.89218	4059.52631265417	-9.98794488896667e-016	9.58702855290604e-005	1.99119543180468	1091.41187660269	365.281239620387	0.00108596647211414	4784.02580733713	-4.35796781057007e-010	0.000118130374666293	2.43279079355903	1327.52229332311	438.169818225751	0.000128801201069529	1.74471996239307e-012	0.340884756310792	0.499115077716371	1.66564053045872e-028	6.09496448807496e-005	0.599939141834283	-0.00264276140896006	2.08430445038623	-0.00037693746680634
59336.92581	3926.1169413254	-1.233389469119e-015	7.76658044527135e-005	1.73196629611992	1019.28853584937	366.265663261151	0.00114307151902189	4660.40145093191	-4.44582329680879e-010	9.6834752945513e-005	2.13941121751265	1252.90492407854	443.42476489011	0.000140645157413165	-1.39517921026261e-011	0.346587823291527	0.493412013453525	5.44193309881105e-029	6.12092663628957e-005	0.599938882211019	-0.00276453925803985	2.08323562827257	-0.000388265473570647
60018.95944	3789.83195496836	-1.45347268961698e-015	6.18529836609975e-005	1.48901467955701	945.994076178254	366.939709831455	0.00120826815469698	4534.05053164727	-4.53731141921397e-010	7.81411347056758e-005	1.86187290252596	1176.45950133601	448.779147417299	0.000154447350826384	-1.05104205117341e-011	0.35229392442116	0.487705911148147	-1.62870429043582e-028	6.14743465329658e-005	0.59993861712919	-0.00289787813890488	2.08209690565939	-0.000400580649037411
60700.99307	3650.524833181	-1.66463407723721e-015	4.82851847553028e-005	1.26276059051742	871.535656930913	367.231047771381	0.00128313790323622	4404.80777892924	-4.63273778977386e-010	6.19094756298826e-005	1.60066534927176	1098.0769118309	454.21761612542	0.000170654932858438	1.20239079220184e-011	0.358003644387501	0.481996190271996	2.09287494457132e-028	6.17457627881507e-005	0.599938345716182	-0.00304450678529314	2.08087740392916	-0.000414027093123084
61383.0267	3508.02484010349	-1.87244817922717e-015	3.68100360239313e-005	1.05363236445981	795.930677217946	367.047355291583	0.0013697051005345	4272.47733863077	-4.73245723101147e-010	4.7994811055234e-005	1.35630828564689	1017.63325610575	459.715711456025	0.000189853307684338	-1.78708726239354e-011	0.363717732125381	0.476282103251443	1.90872238402753e-028	6.20245281268394e-005	0.599938066957185	-0.00320652675571632	2.07956335069141	-0.000428780780724383
62065.06033	3362.12775744881	-2.08300173578131e-015	2.72708665339297e-005	0.862068027206964	719.210859095273	366.268248095758	0.00147060401778622	4136.82181619315	-4.83688718955022e-010	3.62469702928935e-005	1.12936120648692	934.986948723737	465.234656813294	0.000212823511489337	2.33273814317364e-012	0.36943717514592	0.470562660567722	-1.69322867063459e-027	6.23117895191429e-005	0.599937779656122	-0.00338652308900172	2.0781369660679	-0.000445059590001308
62747.09396	3212.58133582047	-2.30288086706247e-015	1.95058406470451e-005	0.688514947296236	641.42815371476	364.733131485782	0.00158933333703257	3997.54562612436	-4.94652632446298e-010	2.651054490117e-005	0.920432954294165	849.975269000422	470.712850019349	0.000240628181764459	-3.3341254833673e-012	0.375163305951418	0.46483652931375	4.26847346178837e-029	6.26090716130723e-005	0.599937482375753	-0.00358772260432128	2.07657470716096	-0.000463138296996718
63429.12759	3059.06151993398	-2.5393467356389e-015	1.33478208033186e-005	0.533429599475722	562.663985152019	362.221429014859	0.00173065602233863	3854.26873832596	-5.06198138479595e-010	1.86242449845179e-005	0.730194180232751	762.410464480859	476.051329393232	0.000274754842672468	-2.76602210655182e-011	0.380897984514035	0.459101852059383	-1.93686193614685e-027	6.29180501169679e-005	0.599937173364261	-0.00381421953027439	2.07484444781331	-0.000483370567102537
64111.16122	2901.13163269178	-2.80151602814453e-015	8.62456071460369e-006	0.397275762818666	483.044176511257	358.419252965865	0.00190126349157046	3706.48328566006	-5.18400832678561e-010	1.24205485779093e-005	0.559395816297554	672.075822227601	481.088004407925	0.000317350767705636	-7.29414475192289e-012	0.386643900295157	0.453355935413328	-4.75022031742786e-029	6.32409721732747e-005	0.599936850421952	-0.00407131678516986	2.07290062508155	-0.000506223832094236
64793.19485	2738.16787555642	-3.1002783048628e-015	5.15787223096915e-006	0.280520203268608	402.764538263874	352.859632494724	0.00211095554858611	3553.47743290483	-5.31357800216145e-010	7.7245943411619e-006	0.408891986340755	578.723023583104	485.54969696413	0.000371653322196336	2.14796186715355e-012	0.392405128620084	0.447594706814458	6.4809799303136e-028	6.35806918135972e-005	0.599936510712929	-0.00436606036249599	2.0706752804447	-0.000532337222412562
65475.22848	2569.21236606462	-3.45003631493839e-015	2.76377728142489e-006	0.183624218109642	322.138569655316	344.806097369282	0.00237493414818903	3394.19126260286	-5.45198984064234e-010	4.3529968025351e-006	0.279672727003654	482.074682332176	488.9566791126	0.000442830959233193	-6.11034598551082e-012	0.398188210680743	0.441811624615325	-4.00044081790775e-028	6.39409904610347e-005	0.599936150420201	-0.00470812370584325	2.06805992560482	-0.000562625015733874
66157.26211	2392.65094792774	-3.87094134758319e-015	1.2520632621617e-006	0.107026210881452	241.696609878051	333.000249619916	0.00271887156797579	3226.91420733076	-5.60109108392402e-010	2.11210987496192e-006	0.172912196673653	381.843866079548	490.414557758222	0.000539850986781227	-3.20091527684862e-012	0.404004511431229	0.435995324970542	1.68752737565501e-028	6.43273152144988e-005	0.599935764094654	-0.00511138372912054	2.06486381684505	-0.00059848145871539
66839.29574	2205.39014063919	-4.39161309609452e-015	4.25385543772674e-007	0.0511013601567252	162.427819466581	315.021567855141	0.00319245468019208	3048.54676384011	-5.76377076594076e-010	7.95001324369398e-007	0.0900412761272637	277.811320069121	488.094097962589	0.000680455087934786	1.25633475388167e-012	0.409876187461868	0.430123648894346	1.08443596995806e-028	6.47482176403557e-005	0.599935343193674	-0.00559701268575564	2.06069845044297	-0.000642249341451267
67521.32937	2000.1662671698	-5.05246817741223e-015	7.95338342421016e-008	0.0160411011570204	86.5414890426934	285.203268521462	0.00391896444149823	2852.30374994706	-5.94539859316881e-010	1.77093573497004e-007	0.0328688006437304	170.146008831833	477.588657271404	0.000909152474255537	8.90658619203609e-012	0.415855556865856	0.424144276593214	-9.7902273067716e-029	6.52195067218551e-005	0.599934871904101	-0.00620065745961816	2.05454620726418	-0.000698577765089354
68203.363	1751.24419634964	-5.86839075329245e-015	4.05214918066339e-009	0.00125170893047033	21.3034458294988	223.721179109089	0.00544211000978295	2616.14887717796	-6.16071068497728e-010	8.74688719871021e-009	0.00376385304913098	61.6677740255976	443.079256818752	0.0014197488856283	1.58806720476548e-011	0.422127208967728	0.417872623736625	-3.53344953707114e-028	6.57837199350809e-005	0.599934307691803	-0.0070054209558453	2.04183354263781	-0.000780567639146287
