0	1001.04400334837	18.9998627027101	0.178142720593821	0.324002644374091	0.0199851865067168	4.9042738637827e-007	7.74417162646623e-014	1001.04529422924	18.9999999875197	0.178000050475265	0.324000077875097	0.0200000006728215	5.22899735531675e-007	8.26686205553963e-010	0.239999999999292	9.9999999999995e-008	0.600000000000706	9.99999999999998e-013	9.99999999999951e-008	0.599999999999999	-0.000528718130297947	2.47524941561714	-0.00022659433929496
681.50191	1337.78521059021	18.1465012076752	75.4744841268319	116.325517511653	4.73128434166891	0.000117711633075824	2.35126764571259e-011	1706.00466922327	17.8264640683736	106.221050810572	165.152888063083	6.35122160539421	0.000159550975114347	7.75981386453503e-011	0.224015966547651	9.99999905697318e-008	0.615984169723766	-9.93545166188427e-012	9.99999905890134e-008	0.600000006502452	-0.00629889404765089	2.3948027256851	-0.00117855728998652
1363.00382	1715.09082865122	18.081058887497	150.228637762733	231.069602718913	9.37905700825885	0.000232851439748167	4.6461954445069e-011	2106.46171648619	17.8803146527526	196.584591902836	303.642072743427	12.0335289703027	0.00030007557979189	1.03787960039643e-010	0.20795014776375	9.99999811458961e-008	0.632050008576977	-9.01486601708441e-012	9.99999811891557e-008	0.600000008036473	-0.00471945002147094	2.38759231677842	-0.000900197564819514
2044.50573	2079.56382783462	18.0048184679143	223.087238503706	342.973041021296	13.9146535081884	0.000345286597894917	6.88797150577971e-011	2475.25214549906	17.8485245505412	276.975493681047	426.971376324421	17.0639614581587	0.000424611594099827	1.27375277740798e-010	0.19188748347799	9.9999971734144e-008	0.648112713725336	-8.19680755937876e-012	9.99999718154591e-008	0.600000007913875	-0.00375633942354984	2.38347253383441	-0.000740725557880335
2726.00764	2429.851525864	17.9147466501036	293.381496318266	451.14989135742	18.3078315612048	0.000454406196584367	9.06578998198677e-011	2825.07163775297	17.7825386276638	351.464549301197	541.518633192792	21.7366217076587	0.000540563967577912	1.49516658026906e-010	0.17582923599254	9.99999623412033e-008	0.664170951279224	-7.41109046201365e-012	9.99999624763728e-008	0.600000007966103	-0.00312682794705727	2.38055647326258	-0.00063522347303706
3407.50955	2766.41114279791	17.8067525766342	360.971792899909	555.506126546784	22.5596777536482	0.000560358901972879	1.11838320374105e-010	3159.10568746144	17.6903028479258	421.519531030252	649.645127795799	26.1585760068755	0.000650693260812873	1.70656341154041e-010	0.159777255495743	9.99999529745895e-008	0.680222746169228	-6.99707546731256e-012	9.99999531808644e-008	0.600000005111854	-0.00268371842406582	2.37828884468164	-0.000559714065470621
4089.01146	3089.91644930472	17.6749589018976	425.846791675114	656.16734005172	26.6811582862645	0.000663564149203775	1.32519468192444e-010	3479.07362152048	17.5701816621872	487.851185108126	752.58218163435	30.3878822752409	0.000756576344176291	1.91069303089126e-010	0.143734210868184	9.99999436424084e-008	0.696265804336585	-6.36555061475373e-012	9.9999943938209e-008	0.600000004682775	-0.00235486569024053	2.37642441128333	-0.000502802639183064
4770.51337	3401.07593104497	17.5106171317933	488.019938296355	753.352124172026	30.6893429707061	0.000764653275245117	1.5284832958248e-010	3786.18507764602	17.4153566971566	550.845318751516	851.124973918408	34.4660998428162	0.000859455918647147	2.10993832602859e-010	0.127703887022601	9.99999343532448e-008	0.712296064570831	-5.50152632946548e-012	9.99999347579294e-008	0.600000004769302	-0.00210111272283918	2.37482924514583	-0.000458285798612551
5452.01528	3700.59162386615	17.3001485789681	547.479540778569	847.343729099378	34.6083327564151	0.000864546955782884	1.73041482093394e-010	4081.40628434503	17.2133150792468	610.697357015333	945.888388513922	38.4315112499457	0.000960607473316711	2.30699715317261e-010	0.111692116866672	9.9999925116154e-008	0.72830787320584	-4.77591425239194e-012	9.999992564985e-008	0.600000004943718	-0.00189936577543963	2.37341761260425	-0.000422468427820126
6133.51719	3989.1542555577	17.0213598185391	604.13996518894	938.506567819461	38.4739302888604	0.000964677738982534	1.9344068808598e-010	4365.57421049443	16.9425945435705	667.439553456828	1037.4445750716	42.3289659772924	0.00106170189656115	2.50563388292963e-010	0.0957085608158041	9.999991594081e-008	0.74429146027523	-4.07307642922079e-012	9.99999166243188e-008	0.600000004826383	-0.00173510769777642	2.37212462081066	-0.000393001007503642
6815.0191	4267.4607652018	16.6355587050475	657.757917685367	1027.35396430385	42.3451534271918	0.00106751383705314	2.14642728258873e-010	4639.46682495927	16.5651819430523	720.88963646202	1126.45109594394	46.2239008206881	0.00116538740789507	2.71206485350063e-010	0.0797704589553988	9.99999068379347e-008	0.760229605661215	-3.12675272173978e-012	9.99999076927433e-008	0.600000005107514	-0.00159873518216271	2.37088874736907	-0.000368312204528346
7496.52101	4536.26640176511	16.069560910931	707.739974010174	1114.72796875106	46.3333511495055	0.00117788948000633	2.37830632514052e-010	4903.87840010891	16.0088076842206	770.466365637147	1213.86919784015	50.2327295649957	0.0012766545581372	2.93828087127905e-010	0.0639116066696203	9.99998978203702e-008	0.776088524532408	-2.01588940260235e-012	9.99998988688426e-008	0.600000005555751	-0.0014836071356425	2.36963125092743	-0.000347305949610015
8178.02292	4796.53137543126	15.170070880407	752.608484757519	1202.30945837217	50.6865833299663	0.00130694022416108	2.65763312446079e-010	5159.76757713816	15.121902903566	814.636046853919	1301.51473649583	54.6071057036691	0.00140674644553733	3.21174718280646e-010	0.0482069276103468	9.99998889058957e-008	0.791793235867748	-1.48704751311688e-012	9.99998901718446e-008	0.600000005942435	-0.00138489816472795	2.36821186765629	-0.000329186015285132
8859.52483	5049.90004656123	13.5767471258885	788.207567498871	1294.32008966243	56.0882793089397	0.00148658125300411	3.06482116569642e-010	5408.69201201219	13.5481831598223	849.029958855921	1393.84685865125	60.025920104072	0.00158727703360656	3.61106453929555e-010	0.0328528042139548	9.99998801260085e-008	0.807147338079532	-1.08559516509595e-012	9.99998816362216e-008	0.600000005798912	-0.00129875178490263	2.366289893359	-0.000313343045400732
9541.02674	5300.55937641491	10.4065631123912	800.401237591618	1404.27506328481	65.0166997690238	0.00184113042002173	3.92349810314863e-010	5654.42898199637	10.4129865512983	858.790836454369	1505.02107454428	68.9015228947674	0.00193860982344981	4.44508234690817e-010	0.0184739547048203	9.99998715621532e-008	0.821526227645782	7.90823529563003e-013	9.99998733508604e-008	0.600000006801668	-0.00122117780196215	2.36277044152256	-0.000299283697417661
10222.52865	5561.56470166793	4.70921073461415	738.128701254809	1577.49426376323	88.9668726613053	0.00306886628667154	7.21797166707556e-010	5908.56920946331	4.74896188420644	790.312474998865	1682.63270994899	92.3170679457581	0.00312274698032393	7.55848043247517e-010	0.00712752155876467	9.99998635684415e-008	0.832872666208011	-7.70792396301851e-013	9.99998656925591e-008	0.600000006820739	-0.00114784280072921	2.35374975999768	-0.000286897105278484
10904.03056	5852.87045917903	0.668361861177114	532.366838516838	1850.19807103605	169.685857504118	0.00951834905680838	2.85489348366323e-009	6190.71363985407	0.680401220502903	570.198225151254	1967.03078652335	171.933960479723	0.00928538282278419	2.73709943431751e-009	0.00173773796036182	9.99998586742154e-008	0.838262452982171	-3.58228110223164e-013	9.99998612834496e-008	0.600000005707416	-0.00108912914856133	2.33303227602339	-0.0002777586876024
11585.53247	6166.39444970321	0.0449106403071109	299.569307951141	2042.43642596288	367.46758251208	0.0404361950808646	1.6987340399865e-008	6496.47078935661	0.0458186514365895	320.89744187059	2169.87110252498	372.168148597694	0.0392413937625223	1.59662532939471e-008	0.000356352838173555	9.99998766221113e-008	0.83964379841263	3.48147771809923e-013	9.99998805251847e-008	0.600000005113756	-0.0010557822662887	2.30584219280171	-0.000272111080785202
12267.03438	6486.08162221636	0.00341238706155942	155.739158655907	2021.28272523693	692.272384852684	0.145010253600408	8.40515423676716e-008	6811.10697436155	0.00347438465983487	166.553593404096	2145.92572965146	708.118462144317	0.142772460940251	8.00340013541363e-008	7.17317936132456e-005	1.00000032010635e-007	0.839928363753528	7.30970270144532e-014	1.00000043393103e-007	0.600000008659253	-0.00102493771176357	2.2812113268889	-0.00026543786131314
12948.53629	6806.85134338202	0.000383484334022563	82.6296920772731	1851.72529340281	1095.06349200846	0.396065104433756	3.01662274157456e-007	7129.54938648037	0.000389602399900257	88.1477232429154	1962.97301002838	1128.86496846678	0.395044263194492	2.91072479207774e-007	1.44215246093879e-005	1.00000756465623e-007	0.839985683229651	1.39697356448503e-014	1.00000807953427e-007	0.60000000833145	-0.000986994150752131	2.26133623314613	-0.0002561675176702
13630.0382	7127.74228142692	5.69612769622016e-005	44.6232325534606	1610.62369057423	1534.08900676113	0.893644146134436	8.63808861859503e-007	7449.55997543274	5.78016290005919e-005	47.4940355941773	1704.39041289759	1588.01907854389	0.897705759325324	8.39018856886476e-007	2.90042759249005e-006	1.00003248711006e-007	0.839997203468157	2.84818029841284e-015	1.00003449316126e-007	0.600000008112838	-0.000946992155508845	2.24480934269182	-0.000246040542688341
14311.54011	7448.62197455782	9.50855085919433e-006	23.6495677005882	1335.37640833885	1989.79466817916	1.81326582662625	2.19225990990741e-006	7770.15990559418	9.64690090211829e-006	25.1274758911253	1410.81773418016	2063.72506171926	1.8261928202736	2.13162664658072e-006	5.82687449352093e-007	1.00010483852088e-007	0.839999537314556	5.72009996611748e-016	1.000111111955e-007	0.600000007371101	-0.000908134305384441	2.23001793225226	-0.00023609655380602
14993.04202	7769.48036357805	1.52928074092938e-006	11.693514936035	1042.61845428677	2453.18398124259	3.52995473570778	5.36298457097252e-006	8091.01621565042	1.56951434555329e-006	12.413033292952	1100.13181349098	2546.19849290025	3.55116998372	5.19534076644685e-006	1.16795472306552e-007	1.00029959336642e-007	0.839999991189061	1.02236721873327e-010	1.0003162730594e-007	0.600000009954615	-0.000871346744717381	2.21563628487521	-0.000226662067027418
15674.54393	8090.31596879974	1.9476190082078e-007	4.96454181813319	740.97341644719	2918.43815103619	7.02917047153257	1.38174375765414e-005	8412.05366591487	2.05366791863609e-007	5.27284927591202	781.425693882946	3029.42903105865	7.03225075622916	1.32549311295077e-005	2.35601356330968e-008	1.00082851944423e-007	0.840000083358446	2.01821618632885e-011	1.00086776662846e-007	0.600000009603894	-0.000836554560555394	2.20021246276617	-0.000217767241042408
16356.04584	8411.10617744051	1.32693842994568e-008	1.49918970333296	437.967308772443	3376.37863362388	15.9143282942958	4.37705803847755e-005	8733.41202831692	2.80548391923691e-008	1.59876717550292	462.444053066565	3504.44306404594	15.6883110600509	4.10467261452529e-005	4.59001190578469e-009	1.00246604148705e-007	0.840000097066325	8.95864223593331e-011	1.00254194026063e-007	0.600000009353227	-0.00080262646370105	2.18113031266746	-0.000209167046035343
17037.54775	8731.658356223	1.50364046957436e-010	0.178545942073411	159.866827975254	3777.40871364655	54.5273536842764	0.000262658714383209	9056.43291933583	6.43543125373364e-009	0.193206904192783	169.875265349646	3924.41228015194	51.6029238553377	0.000232209760708414	8.86375063763355e-010	1.0104885040849e-007	0.840000098686515	5.35137433289974e-011	1.00999403417929e-007	0.60000000861793	-0.000761449354715927	2.15097023578034	-0.000198553858013439
17719.04966	9051.56177792666	3.64646822799805e-013	0.0089947389936515	36.2921457566607	3864.32948724894	251.222721291795	0.00256961013634015	9383.97593230229	1.23643892251993e-009	0.00963258959023752	38.3296685436974	4029.83652855709	242.218888986653	0.00232193923962733	1.82877843943033e-010	1.09753479921755e-007	0.840000090664035	1.18459767734326e-011	1.09200849241729e-007	0.600000000404005	-0.000704596776504286	2.11207786507164	-0.000183406978309081
18400.55157	9372.09908395082	1.40336508418687e-014	0.00171053489505906	15.5830076424455	3746.35378576869	550.136817946858	0.00845341698991828	9707.04427217305	1.01881772144103e-010	0.00180799970436507	16.3416404550329	3906.36925546947	549.491283596795	0.00787346841889491	3.70583825491883e-011	1.67778397004958e-007	0.840000032668862	2.38129143925457e-012	1.66467949266005e-007	0.599999943146935	-0.000675354820792018	2.09159295674565	-0.000175832886910515
19082.05348	9692.86838874817	1.97878770972003e-015	0.000616813495899399	9.17301074375739	3600.04546932139	863.200287093076	0.0169445400361851	10028.3231191206	-1.26124369041844e-010	0.000648431406366836	9.58810823526525	3750.48658777382	872.980309117129	0.0146662528759691	8.06486836780115e-012	4.92746180358119e-007	0.839999707712653	4.78717056952408e-013	4.73196214869923e-007	0.599999636419852	-0.00065240081309202	2.0795432368921	-0.000169840279922983
19763.55539	10013.4707758803	4.79740011864418e-016	0.000290059105135755	6.15523694136357	3446.99866280925	1179.52520599239	0.0276487648000791	10349.0745760845	-1.71959159567355e-010	0.000303971060748321	6.42018683954531	3587.68242114306	1199.52503330905	0.0158415424453633	1.56639271568925e-012	3.7779264859796e-006	0.839996422527027	9.62602942333924e-014	2.3518005853696e-006	0.599997757815244	-0.000631523141954931	2.07099289274574	-0.000164387696073385
20445.0573	10327.5670536674	1.6439943362071e-016	0.000158239160498824	4.44393521635891	3293.51202508063	1491.69225117759	0.039849608893383	10664.5509839964	-1.81231794290537e-010	0.000165406593826577	4.62691222057593	3424.44498832844	1522.44780712355	0.00838319496098371	2.03417349202227e-012	0.000104177639391619	0.839896022779463	1.93319884155736e-014	1.12458734854157e-005	0.599988863741373	-0.000612036085050962	2.06440189140126	-0.000159379056450653
21126.55921	10296.012118859	2.20974842477534e-016	0.000148842879908511	4.28448826846411	3254.54703302338	1513.01211000939	0.0275667658596265	10698.351524155	-1.95438352127398e-010	0.000153036244831437	4.42238873036665	3364.26960291075	1597.28816919811	0.00170328808133786	9.86912242325181e-013	0.00543411703286159	0.834566083432921	-4.36372001238981e-014	3.04455030646756e-005	0.599969664116143	-0.000637378087962948	2.06389672071198	-0.000158292221884425
21808.06112	9507.7101092187	1.32318073794167e-015	0.000500439497207496	8.09905086927835	3458.89090171009	904.220422733804	0.00782343352576386	9982.81086961997	-2.18902332632236e-010	0.000517246200075352	8.42176717640125	3607.24340335874	984.300658716676	0.000416221632170951	-8.65368011629631e-013	0.0221948160668016	0.817805384396027	-1.46258653734842e-013	3.82996816131145e-005	0.599961809937121	-0.000754819417898498	2.07778424577946	-0.000169875102758921
22489.56303	9047.66565474542	9.66659020701061e-015	0.00135686887282079	13.5139330615232	3551.82867564563	571.037247928	0.00362628768619066	9498.10374118663	-2.0021365791683e-010	0.00141546527470434	14.1383101976416	3723.58701549344	614.747561988047	0.00020196093888085	3.90260434261567e-013	0.0339400582532816	0.806060142187616	-1.16420480131841e-014	4.10305082405259e-005	0.599959079109983	-0.000777331641334513	2.08988664250318	-0.000178997626487388
23171.06494	8823.92142881002	2.90517284412426e-014	0.0023517811726409	17.8291620763759	3566.92619648516	436.336772426849	0.00235097894745482	9255.33145945334	-2.02944763015806e-010	0.00246422377953087	18.6996036070539	3744.68076824111	464.074793215299	0.000133811092649583	-2.80425994250091e-013	0.0420983968265902	0.797901803619182	-6.41186527793702e-015	4.25189959255812e-005	0.599957590622689	-0.000790716699649333	2.09682543213112	-0.000184019027057174
23852.56685	8694.0351520505	4.96300934137608e-014	0.00305847551523412	20.2917128852113	3552.73348918304	380.263910740283	0.00184176673781502	9118.85298515162	-2.0500452158804e-010	0.00321297328681533	21.3160078523296	3732.99535261295	401.822330493274	0.000105179196146328	-6.27363483169232e-013	0.0488325191115806	0.791167681307023	-1.28174706529006e-015	4.35802385216129e-005	0.599956529379486	-0.00080333070397585	2.10028842247948	-0.00018699029819059
24534.06876	8600.02311124032	6.4099559229895e-014	0.00345067546102292	21.4781081833183	3527.91938936748	354.224993239996	0.00158318611735815	9024.48029468609	-2.07548874040616e-010	0.00363109273631436	22.5897965992452	3710.10973027397	373.356068960442	9.00915473975866e-005	6.98845181048918e-012	0.05501773487955	0.784982465556949	-2.4502474885501e-016	4.44498041665108e-005	0.599955659807447	-0.000815855031606909	2.10200486115127	-0.0001890907515329
25215.57067	8519.98456354332	7.29252600302372e-014	0.00365018389700607	21.9991152709225	3498.8602820084	340.145320566836	0.0014216121872052	8946.66265475891	-2.10171539080071e-010	0.00384597399181881	23.1624964911787	3682.86254834228	358.285460479462	8.0490649125943e-005	4.32675484248105e-011	0.0609828087757901	0.779017390821386	-1.13658457324115e-017	4.52104812345483e-005	0.599954899132128	-0.000828425562782426	2.10292626883867	-0.000190844718299249
25897.07258	8445.623099059	7.8195251688e-014	0.0037464802648094	22.1881826783109	3467.77582035985	331.270938428733	0.00130500194237421	8875.5418199109	-2.12829244940801e-010	0.00395188786309676	23.3852440506507	3653.53521885045	348.996967806765	7.35557071775875e-005	2.87731586405896e-011	0.0668515603159307	0.773148638518218	-1.88389464651101e-017	4.58972235646718e-005	0.599954212649824	-0.000841110018242671	2.10347700934	-0.000192468573186712
26578.57449	8373.70928250843	8.12777278632795e-014	0.00378450631166899	22.1964145309003	3435.48007217603	325.001199233736	0.00121355474828896	8807.27716530391	-2.15493686304274e-010	0.00399627802508503	23.4173148718863	3622.94996131595	342.567919128625	6.81735578757929e-005	-2.10839550248701e-012	0.0726718958089404	0.767328303576643	-4.56413878844036e-018	4.65271167746471e-005	0.59995358275191	-0.000853959537076462	2.10383404578609	-0.000194050062385938
27260.0764	8302.90058302415	8.28761054933445e-014	0.00378518858992421	22.0909362243586	3402.29356658767	320.268257059224	0.00113857686116963	8740.29762681565	-2.18207562211952e-010	0.00400122682619369	23.3294357982834	3591.43248655256	337.806973695252	6.3829969723347e-005	3.09018330983588e-012	0.0784635795291764	0.761536618504871	-2.58006741295712e-017	4.71111329376509e-005	0.599952998733635	-0.000867016995318378	2.10407252610421	-0.000195625724794385
27941.57831	8232.56878824967	8.33565740417898e-014	0.00375894071488832	21.90413700691	3368.35538883525	316.582188654851	0.00107555779122618	8673.8927473855	-2.20950159915228e-010	0.00397770464445849	23.1556976777896	3559.12868042563	334.173933615751	6.02466398492098e-005	-1.50875070625928e-011	0.0842357527509823	0.755764446992192	7.88136726423647e-018	4.76566822429732e-005	0.599952453184339	-0.000880324326531176	2.10422727738087	-0.000197212882253306
28623.08022	8162.36969136597	8.29425033976065e-014	0.0037117824698082	21.6541493478753	3333.73329955523	313.682497819956	0.00102177189461899	8607.6903674378	-2.23741990805703e-010	0.00393203343840242	22.9151414156874	3526.1132195545	331.38586346498	5.72507560238838e-005	9.83670824589021e-012	0.0899933322252561	0.750006867495894	-8.77814955955516e-018	4.81693252071855e-005	0.599951940540847	-0.000893918019720426	2.10431686798084	-0.000198820806660307
29304.58213	8092.0831027203	8.17930388504187e-014	0.00364780246904055	21.3528555901061	3298.46408176625	311.408557763927	0.000975376969483188	8541.46219510752	-2.26566218895243e-010	0.00386849899799016	22.6202237943088	3492.4289773364	329.270760166261	5.47241554914648e-005	-1.92652437416172e-012	0.0957393812293644	0.744260819508326	2.22421608144958e-017	4.865344860938e-005	0.5999514564301	-0.000907832545831552	2.10435280189419	-0.000200455707391597
29986.08404	8021.55088001527	8.00387732413311e-014	0.00357010015362698	21.0089554537948	3262.56879551329	309.650209540348	0.000935042026661646	8475.04897610918	-2.29426584854e-010	0.00379034904713067	22.2800626038876	3458.10229952884	327.711508234693	5.25815429805919e-005	2.1986721456823e-011	0.101476029203149	0.738524169211915	-1.661241743909e-017	4.91125794291147e-005	0.599950997313988	-0.000922102339623779	2.10434304427261	-0.000202122686463188
30667.58595	7950.64983163031	7.77899504568772e-014	0.00348121109801366	20.6293616874827	3226.05977205348	308.325376683488	0.000899759715014852	8408.32948208016	-2.32358151443667e-010	0.00370023025173091	21.9018652774036	3423.1491892969	326.62248782725	5.07586683139124e-005	-5.20913834725314e-012	0.107204873339895	0.732795330212969	2.49176244571092e-017	4.95496851071058e-005	0.599950560275797	-0.00093675409657237	2.10429362190856	-0.000203825082178594
31349.08786	7879.2807185439	7.51452538314728e-014	0.00338324319269827	20.2196858558934	3188.94334139729	307.371301511624	0.00086875242901558	8341.20674974013	-2.35330902204461e-010	0.00360035603536049	21.4915188750456	3387.57958523625	325.937426750563	4.92067560164645e-005	1.31092306427229e-012	0.112927138521818	0.727073066245289	1.19466713581611e-017	4.99671189091315e-005	0.599950142874235	-0.000951822687976755	2.10420918474039	-0.000205567289932489
32030.58977	7807.35955249219	7.21894924630238e-014	0.00327799939417756	19.7846467798155	3151.2217730228	306.73809668522	0.000841405553607136	8273.59987571095	-2.38371141895394e-010	0.00349261206547031	21.0539472671976	3351.39821805756	325.604650873105	4.78874763694626e-005	-1.61254012753393e-012	0.118643813502957	0.721356390083247	-4.33028443854136e-017	5.03669610561643e-005	0.599949743041602	-0.000967337633354292	2.10409347661185	-0.00020735263285614
32712.09168	7734.8140816343	6.89980015755328e-014	0.00316703525705132	19.3282713033574	3112.89440102852	306.385284240887	0.000817226637611279	8205.43976205972	-2.41450014308558e-010	0.00337862640737065	20.5933476513078	3314.60631944195	325.582510639504	4.67707355136988e-005	-7.6564975002724e-012	0.124355700909355	0.715644503893604	-4.76866729105226e-017	5.07509624101888e-005	0.599949359008284	-0.000983328279844004	2.10394956055891	-0.000209184260367446
33393.59359	7661.58078733002	6.56366157783542e-014	0.00305169127896147	18.8540055235722	3073.95813934213	306.279914519202	0.000795817807921269	8136.66604117802	-2.44597807595028e-010	0.00325980446469005	20.1133162501023	3277.2023576826	325.83718086385	4.5832358996225e-005	3.43505154513332e-012	0.130063459795819	0.709936744328333	-1.95412077858389e-018	5.11207603502368e-005	0.599948989245335	-0.000999826346745845	2.10377993340255	-0.000211065548747577
34075.0955	7587.60284839928	6.21620057881577e-014	0.00293313864298012	18.364860834741	3034.40821253602	306.394345118435	0.000776853118995476	8067.22509936834	-2.47801458553685e-010	0.0031373761900447	19.6169956280865	3239.18260177269	326.340655704648	4.50533718275903e-005	-9.61233857788639e-012	0.135767641077024	0.704232563892855	8.97351724423023e-019	5.1477560164304e-005	0.599948632421616	-0.00101686474849044	2.10358668829648	-0.000212999915573281
34756.59741	7512.82846559227	5.86239371075424e-014	0.00281238797712773	17.8634407916978	2994.23814334235	306.705857666601	0.000760065604713243	7997.0683259303	-2.51071730716317e-010	0.00301240221717588	19.1070964654919	3200.54142030236	327.07004179762	4.44182545542353e-005	-5.07405816743483e-012	0.141468708359363	0.698531497624062	1.18304097862706e-017	5.18226288330232e-005	0.599948287368449	-0.00103447709445272	2.10337152976145	-0.000214990750481684
35438.09932	7437.20986619872	5.50645715580123e-014	0.0026903299046098	17.3520659660002	2953.44042879942	307.194795538993	0.000745233063982347	7926.15118766918	-2.54407086917008e-010	0.00288581985354343	18.5860370826882	3161.27170127871	328.005930793438	4.39147835125131e-005	-6.95009160823529e-012	0.147167055693967	0.692833152083943	6.7940999012389e-018	5.21569328163053e-005	0.59994795305367	-0.00105269911957217	2.10313591444778	-0.000217041616928935
36119.60123	7360.70226360078	5.15202856937531e-014	0.00256773753777618	16.8327771067892	2912.00639580407	307.844619534771	0.000732171431040115	7854.43214575843	-2.57813368249463e-010	0.00275844152139831	18.0559349364513	3121.36494877895	329.132251035267	4.35330983625413e-005	8.64910286784344e-012	0.152863018706412	0.687137185480453	1.36579556558672e-018	5.24814573338254e-005	0.59994762855834	-0.00107156693301555	2.10288104054592	-0.000219155979118647
36801.10314	7283.26323760851	4.80208520685844e-014	0.00244528677487156	16.3073940073111	2869.92648343321	308.641062420102	0.000720727232045426	7781.87203740211	-2.61290375992863e-010	0.00263097949275591	17.5186813940801	3080.81152928289	330.43537333332	4.3265596989711e-005	6.16912571268159e-012	0.158556893289042	0.681443312663905	2.74559694958954e-019	5.27969396484402e-005	0.599947313060529	-0.00109111997316993	2.10260790600577	-0.00022133764884937
37482.60505	7204.85217097438	4.45919579412112e-014	0.0023235705467291	15.7775556667303	2827.19040300957	309.571584833798	0.000710772097998507	7708.43354973374	-2.64841514241171e-010	0.00250406084864554	16.9759793452362	3039.60077475954	331.903662561272	4.31061692289921e-005	3.11583710446469e-013	0.164248929829967	0.675751276430351	5.51936994358134e-020	5.31042112322938e-005	0.599947005819868	-0.00111140013286432	2.10231735034115	-0.000223590631822073
38164.10696	7125.42975155827	4.12546284398595e-014	0.0022031023331819	15.2447243911701	2783.78704288394	310.625434668356	0.000702199716814786	7634.08067991794	-2.68469745550868e-010	0.00237822969900064	16.429348249443	2997.72104356659	333.52733747626	4.30504812246894e-005	6.15299920053658e-012	0.169939351984532	0.670060854609363	1.10954364779707e-020	5.34038853247936e-005	0.59994670616646	-0.00113245285426692	2.10201004345399	-0.000225919287226296
38845.60887	7044.95759783146	3.80255304215035e-014	0.00208433152797897	14.7102309885067	2739.70468188702	311.793019601997	0.000694921704100859	7558.77843193712	-2.72178013450768e-010	0.00225396001385327	15.8801577186722	2955.15974759703	335.298152823564	4.3095468616638e-005	-5.02571234342444e-013	0.175628354645677	0.664371851556245	2.23046857225694e-021	5.36965984784008e-005	0.599946413490286	-0.00115432354014183	2.10168654165572	-0.000228327740824433
39527.11078	6963.3980352721	3.49183540418696e-014	0.00196764952043197	14.1752879995157	2694.9310501542	313.06569318294	0.000688865202055647	7482.4925448202	-2.75969370939707e-010	0.00213167120768933	15.3296716720174	2911.90352132443	337.208845215337	4.32392922387976e-005	5.69419898707664e-012	0.181316113807356	0.658684092536398	4.48385329472758e-022	5.39828349339547e-005	0.599946127233197	-0.00117706535552684	2.10134728651894	-0.000230821086466817
40208.61269	6880.71369974389	3.19431349836417e-014	0.0018533939567973	13.6409986462672	2649.4532454734	314.435795272936	0.00068397137673271	7405.1891373251	-2.79846973075702e-010	0.00201172084820629	14.7790206968486	2867.93807560205	339.253485846492	4.34811041913474e-005	1.13231904049258e-013	0.187002784444027	0.652997421807911	9.01362563084271e-023	5.4263215415612e-005	0.59994584688116	-0.00120073072649817	2.10099261605214	-0.000233404030669608
40890.1146	6796.86741620257	2.91075946481583e-014	0.00174185540246288	13.1083726318758	2603.25782974285	315.896382824165	0.00068019366930189	7326.83455218942	-2.83814124026232e-010	0.00189442134945853	14.2292495605223	2823.24834895163	341.42692095102	4.38213148325095e-005	-1.35795359785634e-012	0.192688507105429	0.647311699248329	1.81198955215326e-023	5.45381470683775e-005	0.599945571959868	-0.00122537945797569	2.10062276779533	-0.000236082135698634
41571.61651	6711.82196259345	2.64169875460846e-014	0.00163328370411491	12.5783436007133	2556.33088380267	317.441010685766	0.000677496340605032	7247.39516164566	-2.87874278026311e-010	0.00178004191512075	13.6813202067735	2777.81844925105	343.724779608628	4.4261244432522e-005	5.61114730901777e-013	0.198373408251771	0.641626797857797	3.64251377886498e-024	5.48080717618154e-005	0.599945302027619	-0.00125107511959575	2.10023790126877	-0.00023886121891883
42253.11842	6625.5398924531	2.38743571196151e-014	0.00152789087487778	12.0517736403948	2508.65798108387	319.06371919841	0.000675853834775843	7166.837173502	-2.9203105132001e-010	0.0016688118948044	13.1361183388189	2731.63164777652	346.14340294261	4.48031946760328e-005	6.27626242135135e-012	0.204057604507009	0.635942601181981	7.32220623118721e-025	5.50734281520942e-005	0.599945036671851	-0.00127788620784886	2.0998380937227	-0.000241747500719106
42934.62033	6537.98337895846	2.14807642715911e-014	0.00142585495734507	11.5294621884634	2460.22420529888	320.7589237145	0.000675250079279321	7085.12647837693	-2.96288236546597e-010	0.00156092586038177	12.5944641685631	2684.67036632164	348.679739172985	4.54505687339247e-005	-1.2177061032978e-011	0.209741203262025	0.630259002711061	1.47252816472958e-025	5.53345972080412e-005	0.599944775505142	-0.00130588709798696	2.09942334400104	-0.000244747712349867
43616.12224	6449.11406834187	1.92363642311883e-014	0.00132732350627401	11.0121536207909	2411.01416346382	322.52132557699	0.000675678065922326	7002.22850273208	-3.00649817677429e-010	0.00145654597549715	12.0571193065724	2636.91614930966	351.3312843464	4.62078302610213e-005	-2.03027802905034e-011	0.215424302732283	0.624575903563676	2.94214315420016e-026	5.55919448603891e-005	0.599944518161474	-0.00133515841855467	2.09899357550681	-0.000247869107350906
44297.62415	6358.89294322846	1.71397161408391e-014	0.00123241693663299	10.5005457215075	2361.01201752053	324.345782934018	0.000677139478158242	6918.10807781235	-3.05119982759735e-010	0.0013558060934307	11.5247938823002	2588.34962391435	354.096024945115	4.7080589449009e-005	7.44357327636827e-012	0.22110699621756	0.618893209147848	5.91278956855324e-027	5.5845818778775e-005	0.599944264293385	-0.00136578703581417	2.09854864261427	-0.000251119406873074
44979.12606	6267.28022582039	1.51877509678243e-014	0.00114123125960145	9.99529579242868	2310.20152949942	326.227170847005	0.000679644552918968	6832.72934257033	-3.09703166050013e-010	0.00125881679975293	10.9981640509635	2538.95050854633	356.972222231231	4.80757003702967e-005	5.87921338865427e-012	0.226789370735756	0.613210834386696	1.05070351050939e-027	5.60965351130715e-005	0.599944013568827	-0.00139787022825825	2.0980883283487	-0.000254507385855695
45660.62797	6174.23517016968	1.33770351504997e-014	0.00105383788317483	9.49701490190408	2258.56588758217	328.160674115211	0.000683212945624653	6746.05549509986	-3.1440401517818e-010	0.00116566015150759	10.4778464667941	2488.6974580348	359.958777982808	4.92013336499149e-005	1.83254906752072e-011	0.232471510192369	0.607528693796406	1.43338071381498e-028	5.63444217449664e-005	0.599943765668632	-0.001431511611286	2.0976123249633	-0.000258042182097588
46342.12988	6079.71604367059	1.17032076175284e-014	0.000970290450241623	9.00629271859691	2206.08803863986	330.141066001646	0.000687872643082605	6658.04883782137	-3.19227478673949e-010	0.00107640265501171	9.96444441939163	2437.56812778695	363.054653741121	5.04670933822681e-005	3.60937088354845e-011	0.238153494071979	0.601846708829239	3.09920787607492e-030	5.65898168678745e-005	0.599943520284134	-0.00146682660585484	2.09712027285425	-0.000261734047769133
47023.63179	5983.6798925034	1.01606149593107e-014	0.000890621423198782	8.5236792408847	2152.75035137424	332.163337650398	0.000693661981278548	6568.67045538341	-3.24178763017374e-010	0.000991086072304054	9.45851007783608	2385.53898092326	366.259394946701	5.18844273416016e-005	-1.41065482123398e-012	0.243835401582905	0.596164802163371	2.78936786031346e-029	5.68329810478328e-005	0.599943277115522	-0.00150393974855501	2.09661171026564	-0.000265593867446257
47705.1337	5886.08250533303	8.74463371110023e-015	0.000814847409262654	8.04970287382776	2098.53488252941	334.222132374592	0.000700629294812131	6477.8802147106	-3.29263416974267e-010	0.000909737921966686	8.96058067079763	2332.58531476105	369.572658472992	5.34665704291045e-005	1.4372326822996e-011	0.249517307976246	0.590482893459262	9.27773124779514e-030	5.70742274435281e-005	0.599943035868666	-0.00154299047653786	2.09608609695039	-0.000269633927875898
48386.63561	5786.87822636137	7.44876743138237e-015	0.000742969188707318	7.58486924721928	2043.42330887499	336.311820950161	0.00070883416261049	6385.63655458797	-3.34487328884668e-010	0.00083236859260376	8.47116638789453	2278.68110671963	372.99440556873	5.52290111381774e-005	2.28323616192778e-011	0.25519929006434	0.584800909921209	-1.20040724996831e-030	5.73138409989834e-005	0.599942796253865	-0.00158413141312812	2.0955428023141	-0.000273867544664456
49068.13752	5686.0198273301	6.26668821161251e-015	0.000674973269426533	7.12966317757826	1987.39694948244	338.426433431049	0.000718348616946949	6291.89632271894	-3.39856768409068e-010	0.000758973669613826	7.99075516789451	2223.79892085313	376.524850756544	5.71897390493372e-005	3.13303256984183e-012	0.260881425150964	0.579118774307758	4.60494268713932e-029	5.75521135781704e-005	0.599942557983316	-0.00162753133186258	2.09498109329813	-0.000278309378957834
49749.63943	5583.45835266515	5.19210316206305e-015	0.000610832772097543	6.68455123280425	1930.43679434793	340.559560175632	0.00072925868461523	6196.61460110906	-3.45378424513803e-010	0.0006895350430021	7.51981625196133	2167.90978658536	380.164430788011	5.93697165959769e-005	-9.43984039742956e-012	0.266563791302854	0.573436409640493	4.436490854334e-029	5.77893284218418e-005	0.599942320769305	-0.00167337767563404	2.09440012332876	-0.000282975666591437
50431.14134	5479.14295718218	4.21828516562363e-015	0.000550508814311834	6.24998419395378	1872.52354455354	342.704248420137	0.00074166619236945	6099.74449974901	-3.5105944363807e-010	0.000624021968227603	7.05880139668495	2110.98305126622	383.913806212475	6.17934016052591e-005	8.01741362569084e-012	0.272246468390612	0.567753730696487	4.95050304572152e-030	5.80257728985974e-005	0.599942084322086	-0.00172187863603245	2.09379892020376	-0.000287884350147298
51112.64325	5373.02071846055	3.33838196153863e-015	0.000493951482497432	5.82640161444523	1813.63771248772	344.852763009653	0.0007556908375197	6001.23695020549	-3.56907489589914e-010	0.000562392299543197	6.60814982808782	2052.98621907414	387.773800935288	6.44892968162499e-005	-1.40692300819804e-011	0.277929541296041	0.562070657282324	-1.725123856467e-029	5.8261744252866e-005	0.59994184834749	-0.00177326548851571	2.09317638027381	-0.000293055216549138
51794.14516	5265.03644583756	2.54595420037285e-015	0.000441100488078196	5.41422898314182	1753.75960661267	346.996618546336	0.000771473453353202	5901.04043318403	-3.62930805680831e-010	0.000504594194350396	6.16829179589387	1993.88478365263	391.745342572411	6.74908072222435e-005	1.04663376523579e-011	0.283613098827423	0.556387098766174	-1.0895652115173e-028	5.84975465754118e-005	0.599941612544545	-0.00182780026978824	2.0925312269293	-0.00029851080663398
52475.64707	5155.13241674742	1.8340194208393e-015	0.000391886213265167	5.013884707125	1692.86948760973	349.126231516196	0.000789178998760108	5799.10066498205	-3.691382531871e-010	0.000450565110859779	5.7396431990743	1933.64195390618	395.829573160232	7.08371575445966e-005	-8.65618875873428e-012	0.289297236153666	0.550702963108092	1.72399217968003e-028	5.87334933748832e-005	0.599941376603199	-0.00188577293926539	2.09186201584308	-0.000304275692554648
53157.14898	5043.24813466056	1.19596673255819e-015	0.00034622993840077	4.62577679646766	1630.94758536146	351.230902170289	0.000809001421589745	5695.36025286938	-3.75539409563275e-010	0.000400233639869752	5.32261408942929	1872.21843936073	400.027697457791	7.4574644178864e-005	2.26073327796033e-011	0.294982056587261	0.545018141142322	7.33399412856585e-029	5.89698931899262e-005	0.599941140201357	-0.00194751316954493	2.09116707740141	-0.000310377905125515
53838.65089	4929.32000407966	6.25105460996622e-016	0.000304044967261495	4.2503086409996	1567.97432035791	353.298373157649	0.000831168557582132	5589.75829103125	-3.82144662961953e-010	0.000353520429691968	4.91761024788439	1809.57213643121	404.340941346136	7.87580261801007e-005	-7.56462827404721e-012	0.300667672089897	0.539332525350251	-3.13014395658212e-029	5.92070951230289e-005	0.599940903001538	-0.00201339307143712	2.09044450275234	-0.000316848909972331
54520.1528	4813.28094964686	1.15122420153287e-016	0.000265236987485143	3.88787819673248	1503.93040114276	355.314653330154	0.000855949127519538	5482.22982866026	-3.88965296747602e-010	0.000310338098710188	4.52503185770813	1745.6577556015	408.770551219519	8.34525551264942e-005	3.48961216795713e-012	0.306354209119438	0.533645986956142	-3.73352101925747e-029	5.94454487055816e-005	0.599940664647581	-0.00208383485207755	2.08969208975764	-0.000323724265072992
55201.65471	4695.05997123204	-3.40151355985668e-016	0.000229704625513616	3.53888137811575	1438.79710518851	357.263500403826	0.000883660875692015	5372.70528132387	-3.96013637862133e-010	0.000270592276345851	4.14527923774089	1680.42641389583	413.317632079475	8.87362596828807e-005	7.77637702151171e-012	0.312041808410602	0.527958387986529	4.0268974983949e-029	5.96853380175486e-005	0.599940424760242	-0.00215931964030743	2.08890729830282	-0.00033104431805655
55883.15662	4574.58158608098	-7.47040299075671e-016	0.000197339680720026	3.20371015102514	1372.55643164684	359.126176670625	0.000914681921755879	5261.10964371813	-4.03303186803063e-010	0.000234181726613269	3.77875195411862	1613.82512292001	417.983084381614	9.47031671063808e-005	-1.74320929991227e-012	0.317730629068146	0.522269568710089	-2.51652787607129e-030	5.99271670132265e-005	0.599940182932483	-0.00224040054913505	2.08808715962155	-0.000338855442709809
56564.65853	4451.76513633224	-1.11143321178991e-015	0.000168027948042506	2.88275805112864	1305.19158973372	360.880552304907	0.000949463656921932	5147.36157416853	-4.1084881658059e-010	0.000200999118301998	3.42585380998625	1545.79618515373	422.76736731742	0.000101467199116755	8.16346044062093e-012	0.323420853921918	0.516579342869072	5.71470564813659e-029	6.01713881316177e-005	0.599939938723484	-0.00232771297563738	2.08722821654296	-0.000347210640014311
57246.16044	4326.52389697788	-1.43919840900154e-015	0.000141649105110968	2.57641864355309	1236.68734220609	362.50053169798	0.000988549069028476	5031.37216270597	-4.18666981136346e-010	0.000170931101234224	3.08699301957121	1476.27646680922	427.67028420233	0.000109167659048187	-5.82522701216793e-012	0.329112698134905	0.510887499130301	-1.91528979635538e-028	6.04184606542214e-005	0.599939691652603	-0.00242199346431971	2.08632639069073	-0.000356171260335086
57927.66235	4198.76393448293	-1.73603853874531e-015	0.00011807718177988	2.2850874421711	1167.03059863942	363.955016055146	0.0010325958624823	4913.04337992044	-4.26775976997693e-010	0.000143858401993076	2.76258443537379	1405.1965163954	432.690612784486	0.000117975867469868	1.86525081488277e-011	0.334806413720954	0.505193782748326	1.77639449748337e-028	6.06689479086676e-005	0.59993944118912	-0.00252409999862169	2.0853768379449	-0.000365808653116657
58609.16426	4068.38259549764	-2.00749619464405e-015	9.71810870861969e-005	2.00916473347108	1096.2112800959	365.20636515441	0.00108240658926273	4792.26609306973	-4.35196320633503e-010	0.000119657033188861	2.45305716559172	1332.47951656483	437.82545017703	0.000128105124591672	-1.7424378744689e-013	0.340502303833016	0.49949789439992	9.21892587565376e-029	6.09234031343817e-005	0.599939186743867	-0.00263503895453501	2.08437376518752	-0.00037620638950334
59290.66617	3935.26643989497	-2.25922819976565e-015	7.88242930882569e-005	1.74905504992296	1024.22324635162	366.208761710721	0.00113897041777047	4668.91731410016	-4.43951140066648e-010	9.81975258665209e-005	2.15885361973154	1258.03996912232	443.069461224744	0.000139823296852699	1.58140699089943e-011	0.346200733905265	0.493799460028186	-2.94878773988951e-028	6.11824901593085e-005	0.599938927654917	-0.00275599958969879	2.08331015273188	-0.000387463249369096
59972.16808	3799.28838018445	-2.49647453663689e-015	6.28653814994715e-005	1.50516919965218	951.06572472117	366.905606259979	0.00120351908058368	4542.85653770813	-4.53066724758342e-010	7.93452298212835e-005	1.88043426960781	1181.78211485975	448.413582309895	0.000153470565719643	8.54233405726871e-012	0.351902163689415	0.48809803450489	-1.10962586930987e-029	6.14469740403758e-005	0.599938663170993	-0.00288839772389425	2.08217740042635	-0.00039969692205217
60653.66999	3660.30364831385	-2.72502956768381e-015	4.91579331507824e-005	1.27792568528923	876.745270928828	367.225891865976	0.00127760491196648	4413.92066001296	-4.62573260466898e-010	6.2960834323329e-005	1.61828525220832	1103.59800549065	453.842997739413	0.00016948517799426	2.58009848665284e-011	0.357607159916097	0.482393037317163	7.44218674947461e-030	6.17177162145657e-005	0.599938392430121	-0.00303393566472459	2.08096482161108	-0.000413049261518307
61335.1719	3518.14383417358	-2.95037816861826e-015	3.75508909731645e-005	1.0677514945699	801.278453290974	367.079059330608	0.00136321218569584	4281.91671240512	-4.72505786120246e-010	4.89000581644721e-005	1.37292403472537	1023.36513682976	459.334053345784	0.000188440229167772	7.51261083434752e-012	0.363316458821617	0.476683740045719	2.02571277816572e-028	6.19957152238237e-005	0.59993811443078	-0.00319468140721962	2.07965890962283	-0.000427693335571678
62016.67381	3372.60792632292	-3.17846769482421e-015	2.78878192697647e-005	0.875082682289429	724.695727393635	366.347351846899	0.00146291975188962	4146.61120134666	-4.82905445437273e-010	3.70134567007755e-005	1.14490465477867	940.943582336592	464.849316625477	0.00021109865203987	1.51654835813219e-012	0.369031023435603	0.470969174574912	3.76956912445775e-028	6.22821333973176e-005	0.599937827993676	-0.00337317580431435	2.07824224927679	-0.000443843194099585
62698.17572	3223.44829606879	-3.41612619827051e-015	2.00078241300075e-005	0.700364997583327	647.047252584073	364.873905378352	0.00158014614360462	4007.71405446944	-4.93821330704162e-010	2.71463309893257e-005	0.93483057103008	856.172608184567	470.329329271078	0.000238497347973716	1.78555666344117e-011	0.374752157416686	0.465248039828841	-3.53714247760802e-028	6.25784358236302e-005	0.599937531705424	-0.00357258610665543	2.07669183750515	-0.000461768283382323
63379.67763	3070.34785674813	-3.67048111683073e-015	1.37442305722624e-005	0.544053281610616	568.411764849791	362.443811561153	0.00171953510720673	3864.85333379282	-5.05313096125087e-010	1.91381681785227e-005	0.743366379037354	768.866809356493	475.678706648767	0.000272083567313898	1.44721326299502e-011	0.380481669308925	0.459518529244306	-8.70808308691649e-028	6.28862704613333e-005	0.59993722384317	-0.00379692557515663	2.07497636557961	-0.000481814833591243
64061.17954	2912.88102271213	-3.95052553919569e-015	8.92615779964316e-006	0.40660975807738	488.910897492541	358.752239537594	0.0018875924953644	3717.53360001372	-5.17454904243747e-010	1.28224047230204e-005	0.571254856285798	678.812169408686	480.741547194471	0.000313941113727741	-2.73381887952591e-012	0.386222168651777	0.453778031247304	-4.9734967630854e-028	6.32078494212274e-005	0.599936902250445	-0.00405138317096992	2.07305157551552	-0.000504439442714063
64742.68145	2750.4428372173	-4.26709716700033e-015	5.37582928163563e-006	0.288500123730125	408.733671190726	353.347432130844	0.00209381020382632	3565.0632827581	-5.30341739324918e-010	8.02513060709248e-006	0.419339627786088	585.763251425433	485.255846826798	0.000367199456520085	-2.47341688571249e-012	0.391977590944962	0.44802260896927	-3.61044110792998e-028	6.35459284171415e-005	0.599936564154845	-0.00434283693242197	2.07085175591603	-0.000530264438743149
65424.18336	2582.11012475126	-4.63449870202717e-015	2.9103469441215e-006	0.190185406591496	328.181715101494	345.520676263705	0.0023528344894764	3406.41810471289	-5.44100244717712e-010	4.56405789402968e-006	0.288596799772452	489.445096185635	488.763334985545	0.000436826806678198	1.03212641411972e-011	0.397754223367758	0.44224597602463	8.68542567661481e-028	6.39042935941204e-005	0.599936205833261	-0.00468070168445449	2.06827264782597	-0.000560176418306788
66105.68527	2406.34004382642	-5.072353075465e-015	1.34013916036271e-006	0.112105639731429	247.762396340963	334.06993033118	0.00268920004758658	3239.95706230383	-5.58909452228514e-010	2.24679063452395e-006	0.180182117414162	389.570618137623	490.41457137246	0.000531378562103229	7.57524383142662e-012	0.403562908524438	0.436437289959472	6.61163423795237e-028	6.42881140054567e-005	0.599935822011528	-0.00507842921767078	2.06513258449889	-0.000595519404947963
66787.18718	2220.21116295644	-5.60872382719429e-015	4.69041280618755e-007	0.0546423227662975	168.412640996171	316.709289062417	0.00314975411128373	3062.73923244339	-5.75046720629343e-010	8.68076189680263e-007	0.0955002934973085	285.910170943198	488.488240960849	0.000667559801431016	6.84678606060251e-012	0.409424554339094	0.430575643631524	1.16980952010133e-028	6.47056399212746e-005	0.599935404486555	-0.00555642276007629	2.06106678300809	-0.000638530493772473
67468.68909	2017.0034354185	-6.28367413170925e-015	9.39670406236025e-008	0.0180095213610015	92.1855861760069	288.193955656785	0.00384769974079614	2868.45003263678	-5.93018256275822e-010	2.05411448176658e-007	0.0363213953170337	178.575337947013	478.910051441282	0.000886233824628579	1.44661500922622e-011	0.415387560317658	0.424612636357918	5.4425416914825e-028	6.51717904901265e-005	0.599934938340928	-0.00614867941120088	2.0551443733579	-0.000693573161096752
68150.191	1774.02837190761	-7.12285935214239e-015	1.72840192580458e-009	0.00173841794618128	25.5374507605708	231.008381901207	0.00524829605133333	2637.51989550371	-6.14149403874492e-010	1.01344548449399e-008	0.00496437135313967	69.8771378926187	447.799232298092	0.00135361724579435	-7.09656583335336e-012	0.421614764677817	0.418385434189652	-3.02912863044266e-028	6.57249095634206e-005	0.59993438522432	-0.00692999227982499	2.04344098388025	-0.000772455761867685
