0	1001.0440033486	18.9998626894178	0.178142734410731	0.324002644628568	0.0199851850683242	4.90425916554307e-007	8.21127045365052e-014	1001.04529435435	18.9999999875218	0.178000050478801	0.324000077882588	0.0200000006729093	5.22899735599822e-007	8.26685915301974e-010	0.239999999999292	9.99999999999998e-008	0.600000000000706	9.99999999999998e-013	9.99999999999998e-008	0.599999999999999	-0.000528718164795461	2.47524941469548	-0.000226594369074451
681.92595	1338.02215759013	18.1464631063781	75.5211947526728	116.397243353641	4.73419066405589	0.000117783654972155	2.35271232094554e-011	1706.27426144095	17.8265617282596	106.282435140016	165.247011677539	6.35511309657275	0.000159645974239678	3.20131918315557e-011	0.224005946915726	1.00000000000777e-007	0.615994058215452	6.39793093197786e-014	1.00000000011129e-007	0.600000003911017	-0.00629769164036534	2.39479606555625	-0.0011783142045342
1363.8519	1715.55323192313	18.0809711224443	150.320750767545	231.210999715465	9.38478477453552	0.000232993346747251	4.64903936393512e-011	2106.93518688379	17.8803067884466	196.689454301676	303.802820351844	12.0400936102732	0.000300240976205383	5.99244081571676e-011	0.207930124135789	1.00000000007996e-007	0.63206990743115	2.18078184514872e-013	1.00000000026598e-007	0.600000004640971	-0.00471793913054987	2.38758596873751	-0.000899947040835954
2045.77785	2080.23092625811	18.0046637786274	223.220940401771	343.178557074845	13.9229900098933	0.000345493421829592	6.89211494650271e-011	2475.92150717378	17.8484277254536	277.119403845995	427.192377840404	17.0729717546597	0.000424834830635401	8.46449782787053e-011	0.191857408722326	1.00000000027321e-007	0.648142725638499	1.75419167611351e-013	1.00000000062109e-007	0.60000000478661	-0.00375491782694669	2.38346622772373	-0.000740489039903847
2727.7038	2430.70603823739	17.9145014239997	293.553109745177	451.414366620755	18.3185874775014	0.000454673736306722	9.07115230556879e-011	2825.92187928099	17.7823403634595	351.644043843035	541.795109298674	21.7479107077237	0.000540844475208189	1.07648949395898e-010	0.175789165558244	1.00000000065493e-007	0.664210940909776	1.62502933226642e-013	1.00000000125618e-007	0.600000004633127	-0.00312553425049755	2.38055016188199	-0.000635004644497205
3409.62975	2767.43747846384	17.8063825277826	361.177831155972	555.824933816091	22.5726952255693	0.000560683984643218	1.11903563151487e-010	3160.12239187287	17.6899742686433	421.731433535556	649.972978889282	26.1720104947231	0.00065102687421134	1.29495482746053e-010	0.159727245564531	1.00000000130044e-007	0.680272882628614	8.83321222593108e-014	1.00000000225663e-007	0.600000004845667	-0.00268254487705593	2.37828250648559	-0.000559512294513128
4091.5557	3091.10054607857	17.6744118597353	426.08390779076	656.536451503837	26.6963197155821	0.000663945005275464	1.32596085560362e-010	3480.2435006794	17.569673586273	488.09240784771	752.957848880207	30.4033660305321	0.000756966196486911	1.50513416275287e-010	0.143674260863498	1.00000000229096e-007	0.696325885958327	-9.90678515076979e-014	1.00000000371168e-007	0.600000003937704	-0.00235379718157674	2.37641801843986	-0.000502616261198244
4773.48165	3402.40504781281	17.5098117889103	488.2847923384	753.76815399066	30.7065832428128	0.000765090114223168	1.52936542710939e-010	3787.49607073172	17.4145901944305	551.112730792958	851.54549899623	34.4835875408829	0.000859899176558678	1.70970678853278e-010	0.12763401775879	1.00000000371251e-007	0.712366141326086	-4.58813117130578e-013	1.00000000571381e-007	0.600000002385974	-0.00210013464396631	2.37482275036467	-0.000458113019967976
5455.4076	3702.05428017719	17.2989518168068	547.768569735969	847.8040941741	34.6276678575568	0.000865043255948611	1.73142294805547e-010	4082.84743110961	17.212159254391	610.987524787343	946.351563373588	38.451037080875	0.000961109552139568	1.91155471215321e-010	0.111612360286863	1.00000000565583e-007	0.728387790456177	-3.94348792027781e-013	1.00000000835911e-007	0.600000002394071	-0.00189846543065522	2.37341093189659	-0.000422307593745744
6137.33355	3990.74027672558	17.0195424005217	604.448948724793	939.009871681742	38.4955188564087	0.000965243000328825	1.93556564470713e-010	4367.13573380145	16.9408230137762	667.748293301573	1037.94936329426	42.3507072754316	0.00106227224920929	2.11457169051367e-010	0.0956190417002924	1.00000000821789e-007	0.744381150581934	-3.27048035238362e-013	1.00000001174949e-007	0.600000002332561	-0.00173427426133585	2.37211760097282	-0.000392850668890223
6819.2595	4269.16139118749	16.632693595466	658.080946426805	1027.90091241822	42.369445467679	0.00106817030290522	2.14779255945558e-010	4641.14023940159	16.5623722553855	721.21092623231	1126.99860949241	46.2483284331344	0.00116604894999618	2.32508386371822e-010	0.0796713521372876	1.00000001150617e-007	0.760328852085764	1.06958449203958e-013	1.0000000159979e-007	0.600000002733847	-0.00159795944401592	2.37088108837187	-0.000368171092061495
7501.18545	4538.0749519866	16.0647798722568	708.066844571678	1115.32385378516	46.3614878735799	0.00117869042273303	2.38001079019036e-010	4905.65715061307	16.0041005607308	770.789597325284	1214.46532160774	50.2610090206447	0.00127746179674118	2.5552133368171e-010	0.0638033100028061	1.00000001564953e-007	0.776196967820582	6.87714311168129e-013	1.00000002124097e-007	0.600000003338472	-0.00148288094619428	2.36962230593382	-0.000347172929271647
8183.1114	4798.44531695591	15.1613959339247	752.91666154803	1202.97180732641	50.7216753846572	0.00130802993974694	2.66003756640948e-010	5161.64890704531	15.1133415864884	814.937544785486	1302.17814892403	54.6423603738345	0.00140784451958326	2.83268571072974e-010	0.048090406066371	1.00000002082661e-007	0.79190984336562	8.27019034644639e-013	1.00000002767104e-007	0.600000003723642	-0.00138421324605586	2.36820002737821	-0.000329059995052391
8865.03735	5051.92882689043	13.5591254066374	788.432160910783	1295.10699392524	56.1405024156692	0.0014884459003032	3.06916116899108e-010	5410.68397846936	13.5307706753698	849.241425499298	1394.63866104066	60.0781873653983	0.00158914370184974	3.23695873512748e-010	0.0327309578509863	1.00000002735468e-007	0.807269246567366	6.16811820262319e-013	1.0000000356345e-007	0.600000003697871	-0.00129809621786709	2.36627030037547	-0.000313222794183799
9546.9633	5302.75781171368	10.3677071833431	800.300970916006	1405.40735637014	65.129746772352	0.00184605002100791	3.93581425137311e-010	5656.57932181749	10.3745187490636	858.658894886045	1506.17236702919	69.0130827223729	0.00194343520582586	4.08135946926182e-010	0.0183571088708062	1.00000003605755e-007	0.821643166458164	1.14030794945941e-012	1.00000004602875e-007	0.600000004428153	-0.00122052503939257	2.36272486844762	-0.000299168017121606
10228.88925	5564.1244812446	4.6518322217153	736.88734136096	1579.65200354894	89.360695723407	0.00309186688944199	7.2831681507007e-010	5911.04965963222	4.69157817712339	788.97866825054	1684.86249051417	92.7010455344698	0.0031447400006819	7.24615700601116e-010	0.0070474199363345	1.00000005053774e-007	0.832952880658994	1.597916285898e-012	1.00000006268133e-007	0.600000005035745	-0.00114718779002398	2.35361537959395	-0.00028679294568569
10910.8152	5855.91936954398	0.651878841260296	529.846619561265	1852.93948804114	170.998567132657	0.00965188668678328	2.9039722618372e-009	6193.67434797311	0.663659688467454	567.502880482772	1969.91257483095	173.243207594926	0.00941336125160534	2.74548095090633e-009	0.00171110971090917	1.00000009663659e-007	0.838289193592586	-3.83335064932285e-013	1.00000011236466e-007	0.600000006297025	-0.00108869251811444	2.33277390118733	-0.000277689759576059
11592.74115	6169.76026057679	0.043626611321607	297.5361545124	2043.32188878789	370.299469831087	0.0410440358591934	1.73052592066801e-008	6499.76731035745	0.0445082924605476	318.717049229371	2170.80492997364	375.067922064185	0.0398353121666993	1.62287844627382e-008	0.000350359290919366	1.00000037601958e-007	0.839649887680658	7.13263867143006e-013	1.00000040347122e-007	0.600000015159073	-0.00105548720927124	2.3055579251694	-0.000272054758164694
12274.6671	6489.67214340998	0.00332265589255744	154.60896141822	2020.01811715239	696.460658847132	0.146862049582019	8.54087298529229e-008	6814.65850604435	0.00338292799564164	165.340624108336	2144.55522261019	712.480400439975	0.144620952670938	8.13037312520837e-008	7.04534903077785e-005	1.00000205544855e-007	0.839929859032038	1.06874029816817e-013	1.00000215770863e-007	0.600000003635819	-0.00102454582960868	2.28096332317118	-0.000265345706998057
12956.59305	6810.64510700769	0.00037443648776931	82.0252612200517	1849.18144320699	1100.10405223751	0.400269465820676	3.05775471011674e-007	7133.3268566335	0.000380402552353014	87.5003580612141	1960.23664569113	1134.1380504015	0.399284541267958	2.95038823326284e-007	1.41498786837526e-005	1.00000951387658e-007	0.839986113910987	2.09234080207086e-014	1.00001002270055e-007	0.600000002015409	-0.000986523930766258	2.26112451858874	-0.000256049705732752
13638.519	7131.73578996329	5.56822807871319e-005	44.2805563825978	1607.35356259172	1539.68966902135	0.902012304995759	8.74375912130315e-007	7453.54757025318	5.65032963323494e-005	47.1281145992659	1700.89322633576	1593.87247519644	0.906163601986053	8.4928357397236e-007	2.84169558639792e-006	1.00003489289849e-007	0.839997437270537	4.24661011244019e-015	1.00003691322206e-007	0.600000003057266	-0.000946498375845215	2.24461728713556	-0.000245914516896068
14320.44495	7452.81482170618	9.28933331055099e-006	23.4461671217393	1331.63335760567	1995.82083363985	1.82939271404587	2.21821549313704e-006	7774.35149697577	9.42452826535986e-006	24.9109196288984	1406.83601217964	2070.00776401562	1.84245089720913	2.15678960901701e-006	5.7123715607794e-007	1.00010833080518e-007	0.83999968507686	8.52280623250668e-016	1.0001146718796e-007	0.600000003262542	-0.000907639893974334	2.22982987712693	-0.000235969702892081
15002.3709	7773.87251327625	1.48986664701544e-006	11.5718437566679	1038.52705325985	2459.56015650558	3.56230519873415	5.42982867403086e-006	8095.4099363839	1.51681647955637e-006	12.2838199577248	1095.80006565791	2552.82869681527	3.58356540431049	5.25960287060409e-006	1.14824744009925e-007	1.00030588545823e-007	0.840000139397256	1.17168512619876e-011	1.00032275402867e-007	0.600000002878863	-0.000870858247546159	2.21543582961026	-0.000226536811763159
15684.29685	8094.90730993274	1.88499583447193e-007	4.89519894633175	736.617729706346	2925.0843897883	7.10296597197614	1.40196659505803e-005	8416.64991503024	1.79444400628907e-007	5.19932901483229	776.832949114463	3036.32520437654	7.10518300916186	1.34461273828438e-005	2.29220562841479e-008	1.00084302482749e-007	0.840000225916433	-1.16745450545589e-010	1.00088269633719e-007	0.600000002614749	-0.000836068115182414	2.19997394397014	-0.000217643256778193
16366.2228	8415.89588966282	1.26350143548271e-008	1.46580723493569	433.491630294443	3383.05392045073	16.1422010757122	4.46701265454172e-005	8738.21643813726	7.93177648840689e-009	1.5633469424607	457.738919960793	3511.37181419293	15.9072997831662	4.18681402441188e-005	4.61546836572299e-009	1.00251258060685e-007	0.840000242658883	-6.1044092766662e-011	1.00258889773822e-007	0.600000002325566	-0.000802108854930399	2.18079099596815	-0.000209036366151425
17048.14875	8736.63849031803	1.36649234138993e-010	0.170419982939526	156.283505814103	3782.10137802591	55.9149322975977	0.000272585262629585	9061.50098505271	-5.28311732841918e-010	0.184466601764043	166.088254232621	3929.48039621223	52.8727042783542	0.00024070691934516	9.87977164306414e-010	1.01078788494077e-007	0.840000244357567	-2.60105783634231e-012	1.00946899842525e-007	0.600000001438084	-0.000760582235813848	2.1503411830849	-0.000198320239539755
17730.0747	9056.74203171452	3.3911779014499e-013	0.0086712825844364	35.6277919023674	3863.06433891011	255.741633038526	0.00263966500244502	9389.23948164396	-2.47767516569026e-010	0.00928301577022891	37.6212588081176	4028.5986625459	246.803101733297	0.00238800996504045	1.94441775049908e-010	1.10160066573685e-007	0.840000235908837	-5.56970728651588e-013	1.09438025795708e-007	0.599999992879976	-0.00070397627534168	2.11161669757344	-0.00018324753885133
18412.00065	9377.48712776098	1.34810722285546e-014	0.0016754584644454	15.4175685445733	3744.00367724472	555.345620350979	0.00857640244531162	9712.44898112968	-1.96455185878795e-010	0.00177069858280547	16.1669621899329	3903.86894660487	554.872378783236	0.00798698004495057	4.00618981560604e-011	1.69853729792049e-007	0.840000176282739	-1.11807426892556e-013	1.68289672044765e-007	0.599999934028092	-0.000674942717498273	2.09134346972448	-0.000175725379258819
19093.9266	9698.45673087175	1.92312767090598e-015	0.000607692700607526	9.10160312941499	3597.40900187752	868.701537029469	0.0171129777622567	10033.9156356883	-1.86102560256225e-010	0.000638799704986082	9.51305412639719	3747.67859798543	878.663014103125	0.0147676503802692	1.03765264043893e-011	5.06136061317205e-007	0.839999840020338	-2.24680659943995e-014	4.84431849991542e-007	0.5999996178893	-0.000652022616855188	2.07937116093805	-0.000169741434743461
19775.85255	10019.2469178584	4.68478536896497e-016	0.000286567703217243	6.11559823245425	3444.20282434649	1185.24785915872	0.027861024761618	10354.8537983028	-1.84018372889262e-010	0.000300298293192035	6.3786335564434	3584.71279220555	1205.42917337175	0.0157647930448718	1.85850000515939e-012	3.96397729822354e-006	0.839996382157886	-4.50576276031404e-015	2.42232881399184e-006	0.599997679988117	-0.000631161084467042	2.07085861221177	-0.000164293119392305
20457.7785	10333.0076634604	1.60487695755769e-016	0.000156691255891813	4.42030392394358	3290.76783811539	1497.17630502152	0.0400546653976084	10670.1047979641	-1.83650131963148e-010	0.000163777698726732	4.60210763084767	3421.49587966192	1528.19908164897	0.00822705160927715	-1.61388965689585e-012	0.000112411937400645	0.839887934272956	-8.51931739987037e-016	1.15409713271891e-005	0.599988561346088	-0.000611662542293219	2.06429745985707	-0.000159292931561186
21139.70445	10283.0239043643	1.82985015173439e-016	0.00015129175734539	4.32178858059312	3257.85724841511	1503.06311148132	0.0268578762751829	10688.2958068373	-1.81714559286774e-010	0.000155485062614227	4.46011527069801	3367.43199708272	1588.90093130676	0.00164024384174203	1.10869928483575e-012	0.00572431583527216	0.834276030362129	3.72175312016497e-014	3.0715161314766e-005	0.599969387162487	-0.00064086639727341	2.06407666774543	-0.000158429388287347
21821.6304	9494.75400208578	1.31755312312853e-015	0.00051284506013707	8.20250651922317	3462.00215215791	894.410076864969	0.00766985526371805	9969.66471013963	-1.70922386127092e-010	0.000530209050942776	8.53100697706503	3611.1626885698	973.569945799871	0.000408484379657396	1.61104160624127e-013	0.0224864850781784	0.817513861154473	1.65806888188555e-013	3.83750482428206e-005	0.599961727274373	-0.00075560059242259	2.07807475586553	-0.00017010905205273
22503.55635	9041.36246560187	9.87969626626828e-015	0.00137799552831913	13.6203753991626	3552.68575660604	566.841660588253	0.00358400597664919	9491.24383675817	-2.00787493270216e-010	0.00143767726417582	14.2506547861336	3724.65621561916	610.051090166909	0.000199797147401595	-9.46990110004137e-013	0.0341335014408546	0.805866844858613	-1.40357974113414e-014	4.10641820721866e-005	0.599959038140075	-0.000777626710509081	2.0900785083753	-0.000179134847907781
23185.4823	8820.49700510436	2.94220861726001e-014	0.00237047238583882	17.8996148050702	3566.82389297965	434.591833871593	0.00233529610271708	9251.65633537195	-2.01840571295611e-010	0.00248397859162754	18.7742303744882	3744.64586258733	462.128362113556	0.000132974687328263	-2.03995276774316e-013	0.0422511452453133	0.797749201045933	-6.07706609498761e-017	4.25399413262602e-005	0.599957562380701	-0.000790984022799049	2.09692753383302	-0.000184097723868179
23867.40825	8691.7165425325	4.99140404447617e-014	0.00306996194356761	20.3284424780612	3552.26598992549	379.475896938921	0.00183435950658948	9116.4761421383	-2.04825037123486e-010	0.00322517985630672	21.3552110677545	3732.57162657209	400.95399819158	0.000104774228466044	-2.75893778527386e-013	0.0489713967659502	0.791028949532096	-8.00380127148466e-019	4.3596188790494e-005	0.599956506134562	-0.000803602938020778	2.10033965259927	-0.000187042841054758
24549.3342	8598.11556444422	6.42407722374651e-014	0.00345679964118014	21.4952663160253	3527.29774017896	353.816957434292	0.00157881179945337	9022.60175617451	-2.07557677992745e-010	0.00363765202165726	22.6084055782545	3709.52894423308	372.914948042328	8.98507244108895e-005	-1.09930133706224e-011	0.0551531862578116	0.784847160367241	1.08302176911021e-017	4.44633135388912e-005	0.599955639012207	-0.000816135800216415	2.10203187248577	-0.000189132820603673
25231.26015	8518.2189907833	7.29645062701052e-014	0.00365329336649081	22.0062769646172	3498.15811758951	339.897798322825	0.0014185422164114	8944.96356933049	-2.10224435457516e-010	0.00384935392505952	23.170584760719	3682.20124053345	358.023821072152	8.03232289956178e-005	3.04450168181989e-011	0.061118846271426	0.778881500073301	1.62591994908714e-017	4.52225067007952e-005	0.599954879809598	-0.000828717081797541	2.10294206558585	-0.000190883257286316
25913.1861	8443.89385557736	7.8169280433286e-014	0.00374790773965576	22.1899913523825	3467.01965964418	331.099233521726	0.00130260475996046	8873.89595303081	-2.12886629326152e-010	0.00395349608373937	23.3877080922239	3652.82015632079	348.819308499127	7.34282827421797e-005	-1.4018428397167e-011	0.0669897410440513	0.773010605685716	6.18228998355038e-018	4.59080240622679e-005	0.599954194362074	-0.000841413985476688	2.10348719697846	-0.00019250651852343
26595.11205	8371.97299698741	8.12085179320265e-014	0.00378488232796682	22.1949311838512	3434.67977777689	324.871358599425	0.00121157162412362	8805.63312337468	-2.15564566744985e-010	0.00399677786454409	23.4163196977315	3622.19095436384	342.436242897142	6.80710037831958e-005	8.15323610977668e-012	0.0728128452410478	0.767187501916869	-2.49141272175274e-017	4.65371269461978e-005	0.599953565257049	-0.000854275667193672	2.10384098544417	-0.000194088400093174
27277.038	8301.13758974833	8.27728731664197e-014	0.00378480588047099	22.0870902727024	3401.45288643468	320.165590243635	0.00113688352501373	8738.63274423138	-2.18272169366518e-010	0.00400092878446193	23.3259659748232	3590.63338805185	337.70487498051	6.37449302813486e-005	-3.02320695207545e-012	0.0786075698416252	0.761392778320533	-2.61247750756874e-017	4.71205047901364e-005	0.599952981880536	-0.000867348023304459	2.10407724046785	-0.000195665257268868
27958.96395	8230.768696606	8.32255543212153e-014	0.00375795140970897	21.8983940482815	3367.47563098277	316.499683617189	0.00107408624127275	8672.19554498572	-2.2101886238918e-010	0.00397676711755519	23.1502383651231	3558.29091704327	334.09371264901	6.01750834042045e-005	1.37940245728364e-011	0.0843829180578292	0.755617428514112	-1.69476521554039e-017	4.76655376603581e-005	0.599952436864634	-0.000880670673244737	2.10423025718322	-0.000197253795976347
28640.8899	8160.52590173909	8.27857888277076e-014	0.0037102860497275	21.6468014630302	3332.81489132169	313.615981353968	0.00102047730358414	8605.95395217463	-2.23814011001089e-010	0.00393056091667829	22.9079988556489	3525.23730269095	331.323071682289	5.71899874524022e-005	-3.35729607120971e-011	0.0901437495427104	0.749856598070189	7.23835107756468e-018	4.8177733161591e-005	0.599951924672701	-0.000894281057267979	2.1043184001198	-0.000198863335374818
29322.81585	8090.19079995424	8.16152122774168e-014	0.00364586561970702	21.3440885105343	3297.5068819519	311.355545768514	0.000974229091194466	8539.6816604102	-2.266320872943e-010	0.00386656171451851	22.6115942534174	3491.51492643292	329.222659263913	5.46722827189447e-005	-1.19104662946207e-011	0.0958931015590006	0.744107245106099	4.37163627530911e-017	4.86614981254697e-005	0.599951440947822	-0.000908214042947544	2.10435305332368	-0.000200500108086433
30004.7418	8019.60588540473	7.98417571996809e-014	0.00356778553195189	20.998936622168	3261.57250141267	309.608673471734	0.000934016868256895	8473.22038357268	-2.29505345372288e-010	0.00378800826506881	22.2701074334813	3457.14970560561	327.676331168019	5.25372196031285e-005	4.26626898707014e-012	0.101633091775415	0.7383672560262	3.32731856002028e-017	4.91202638778234e-005	0.599950982164852	-0.00092250094848334	2.1043421579296	-0.000202168701438949
30686.66775	7948.6490271502	7.75761231532904e-014	0.00347856270636943	20.618201915107	3225.02383938157	308.294040927659	0.00089884045458472	8406.44958371234	-2.32438091255147e-010	0.00369753835783088	21.8907204744627	3422.15786160275	326.598388695528	5.07209229359212e-005	-2.4160200239356e-011	0.10736530063999	0.732635049830508	5.83233636349076e-018	4.95570442128679e-005	0.59995054541508	-0.000937175397048926	2.10429167457528	-0.000203873534694974
31368.5937	7877.22081688297	7.49176329133115e-014	0.00338030420417084	20.2074908421136	3187.86710040235	307.349105364254	0.000867925151855628	8339.27251230704	-2.35423798263055e-010	0.00359735464960278	21.4792843920509	3386.54880824127	325.92353600899	4.91748163362645e-005	2.59215593504602e-011	0.113090955610307	0.726909392672377	-9.78035853489891e-018	4.99741782308395e-005	0.599950128265163	-0.000952266128416688	2.10420624926406	-0.000205618031339348
32050.51965	7805.23762950579	7.19485366176809e-014	0.00327480988665934	19.77151320881	3150.10450088041	306.724123377747	0.000840659030244668	8271.60856090392	-2.38452551444696e-010	0.00348934071586079	21.0407158316467	3350.32726109771	325.600156174264	4.7860636714163e-005	-1.30359410263466e-011	0.118811040840052	0.721189310302471	-3.14791838209942e-017	5.03737956658666e-005	0.599949728651562	-0.000967803103580006	2.10408961647896	-0.000207405577644838
32732.4456	7732.62742218545	6.87467650375786e-014	0.00316362901495551	19.3142774613338	3111.73527292109	306.378858830105	0.000816552136042838	8203.38878959411	-2.41535161754328e-010	0.00337512207681019	20.5792062467756	3313.49444706467	325.586641366082	4.67483965869186e-005	1.97117065630393e-011	0.124526351209239	0.71547399982539	-5.49865829184756e-017	5.07576458185058e-005	0.599949344809486	-0.000983818609756581	2.10394481549078	-0.000209239771176015
33414.37155	7659.32677813282	6.53760127299993e-014	0.00304810266977178	18.8392328062914	3072.75633119795	306.280328558206	0.000795207754980902	8134.55298031394	-2.44691614137388e-010	0.00325610378981787	20.0983511287115	3276.04874342622	325.849268365013	4.58143188838269e-005	8.02105374404269e-012	0.130237546191296	0.709762804675799	-1.38679867519866e-017	5.11272219355482e-005	0.599948975213961	-0.00100034354267207	2.1037743486436	-0.000211123851675517
34096.2975	7585.27889006245	6.18940241604848e-014	0.00292939258703147	18.3493626723655	3033.16270093741	306.40130868474	0.000776302203271262	8065.04751495318	-2.4789953410626e-010	0.00313350509739106	19.6012620676939	3237.98631197749	326.360354891203	4.50392166782707e-005	1.71811564998332e-011	0.135945174343129	0.704055176819391	3.3372478852401e-018	5.14839054967321e-005	0.599948618536287	-0.00101741079401701	2.10358027465295	-0.000213061231568078
34778.22345	7510.4320362614	5.83494226969334e-014	0.0028085153544166	17.8472914730285	2992.9480199055	306.718767637516	0.000759568436032604	7994.823921019	-2.51175448228582e-010	0.0030083916213429	19.0906665066026	3199.30147019951	327.096919190498	4.44078283092715e-005	-5.67462678684638e-013	0.141649697806707	0.698350653068382	-1.96023608945339e-017	5.18288243560252e-005	0.599948273610526	-0.00103505266874313	2.10336432721618	-0.000215055081001154
35460.1494	7434.7384308027	5.47851011543116e-014	0.00268635308018381	17.3353147286301	2952.10460153552	307.213420201204	0.000744786027669051	7923.83761928251	-2.5451403483348e-010	0.00288169227129	18.5689587773929	3159.98703619078	328.039777001048	4.39079451800265e-005	1.31427790214416e-012	0.147351509068031	0.692648841845923	-6.22491656785733e-018	5.2163012686867e-005	0.599947939406039	-0.00105330575275227	2.10312793020364	-0.000217109092336266
36142.07535	7358.15332196198	5.1236506795322e-014	0.00256367939553957	16.8154769618324	2910.62378529347	307.86864652852	0.000731771289401364	7852.04711358101	-2.57922527871778e-010	0.00275422160461109	18.038265563323	3120.03449349263	329.172778492318	4.35297326417108e-005	-5.21043976978642e-012	0.153050945087983	0.686949406207029	-1.25012638499959e-018	5.24874234945923e-005	0.599947615005489	-0.00107220736710193	2.10287228595369	-0.000219226908515694
36824.0013	7280.63427676445	4.77344302255434e-014	0.0024411691294386	16.2895968347916	2868.49598060243	308.670184276481	0.000720371270006337	7779.41324478088	-2.6140360961543e-010	0.0026266909334869	17.5004760907541	3079.43415205674	330.482336242499	4.32655264865665e-005	9.00021564013803e-012	0.158748296855552	0.681252054306932	-2.51057986987416e-019	5.28028706798767e-005	0.5999472995883	-0.00109179686695059	2.10259839168034	-0.000221412317263009
37505.92725	7202.14063150829	4.43032820659075e-014	0.00231941100166307	15.7593016904221	2825.71078364313	309.605684514284	0.000710458539427147	7705.89864823876	-2.64959357818762e-010	0.00249972201382172	16.9572795308157	3038.17527351602	331.956959328645	4.31095526630378e-005	-1.13118686605225e-011	0.164443817257523	0.675556533108335	-5.04192127927351e-020	5.31100242091342e-005	0.599946992415215	-0.00111211621502414	2.10230707029025	-0.000223669325097112
38187.8532	7122.63302289597	4.09647761638721e-014	0.00219891921458232	15.2260588914225	2782.25708058646	310.664317663885	0.000701926959929189	7631.46730379753	-2.68592457682021e-010	0.00237385728049789	16.4101920068045	2996.24613321045	333.586939690698	4.30573494820222e-005	9.10389231908802e-012	0.170137728015774	0.669862623409955	-1.0125446241751e-020	5.34096107610115e-005	0.599946692817711	-0.00113320879077435	2.10199900152233	-0.000226001954050524
38869.77915	7042.07309024352	3.7734669201974e-014	0.00208014335967195	14.6912023043283	2738.12317960018	311.836372617149	0.000694688254336108	7556.08423135057	-2.72305824394109e-010	0.00224957634387029	15.8606031408429	2953.63417125597	335.363801021113	4.31058583492192e-005	-2.28213921280066e-011	0.175830224547012	0.664170126859031	-2.03345400833689e-021	5.37022248701738e-005	0.599946400185694	-0.00115512406985905	2.10167474229498	-0.000228414953048301
39551.7051	6960.42302518851	3.46276580475972e-014	0.00196347027753729	14.1559315181721	2693.29664148115	313.113476494936	0.000688670535556953	7479.71504606414	-2.76102485010343e-010	0.00212728801781927	15.3097451445613	2910.32587346812	337.280645564602	4.32532270559637e-005	-2.60653177616728e-013	0.181521481687881	0.658478870573958	-4.08368979069519e-022	5.39884525876379e-005	0.5999461139618	-0.00117791134688692	2.10133471837788	-0.000230912796687255
40233.63105	6877.64545943778	3.16528404584924e-014	0.00184923730248695	13.6213505576266	2647.76456295626	314.487905943766	0.000683815176202715	7402.32585388975	-2.79985619979987e-010	0.00200735448193677	14.7587654297161	2866.30696710912	339.331345716291	4.3498812242611e-005	-1.3777341930706e-012	0.18721165401944	0.652788698256199	-8.20111535967024e-023	5.42687638556321e-005	0.599945833633259	-0.00120162728561496	2.10097926317849	-0.000233500837735651
40915.557	6793.70314333708	2.88180027052815e-014	0.00173773615467237	13.0884764906825	2601.51353165864	315.952568036016	0.000680075544861557	7323.88296371944	-2.8395854412568e-010	0.00189008737311036	14.2087093723102	2821.56231278356	341.510768277556	4.3842908887385e-005	-1.11234501602154e-011	0.192900881052165	0.647099470814342	-1.64702003999244e-023	5.45436503963399e-005	0.599945558725304	-0.00122632981159794	2.1006086288015	-0.000236184323141345
41597.48295	6708.55876078049	2.6128446961062e-014	0.00162921374091699	12.558234684009	2554.52951329179	317.501177169338	0.000677416584640638	7244.35264535842	-2.88024716385146e-010	0.00177575226316531	13.6605284361283	2776.07594174696	343.814658813466	4.42868641143586e-005	-1.1688728278619e-011	0.198589291928576	0.641411060268523	-3.30755391763061e-024	5.4813585662434e-005	0.599945288796794	-0.00125208262351705	2.1002229599218	-0.000238969071204668
42279.4089	6622.17478683132	2.35873297324638e-014	0.00152388113312558	12.0314864117525	2506.79803574615	319.127777020589	0.000675813053761708	7163.70103645052	-2.9218776578677e-010	0.0016645779195927	13.1151086033107	2729.83106653464	346.239362056803	4.48331092342856e-005	1.31939957389697e-011	0.204277000563031	0.635723351280026	-6.643979635466e-025	5.50789590394343e-005	0.599945023435505	-0.00127895485283444	2.09982233045148	-0.000241861379680741
42961.33485	6534.51330490065	2.11952685682623e-014	0.00142191566087597	11.509030867981	2458.30413859449	320.826780033004	0.000675249194587031	7081.89394891063	-2.96451498893462e-010	0.00155675780882434	12.5732688256117	2682.81004006325	348.781851196794	4.54851138877473e-005	-5.67943597667529e-012	0.209964115469868	0.63003623786691	-1.33357182377357e-025	5.53401350447531e-005	0.599944762254326	-0.00130702095467658	2.09940673736384	-0.00024486796510012
43643.2608	6445.53588139002	1.89527554757368e-014	0.00132346521210457	10.9916167471469	2409.03244370993	322.592757159357	0.000675718037998438	6998.89675512586	-3.00819921897523e-010	0.00145245530599092	12.0357771286763	2634.99435374722	351.439554009214	4.62473323601641e-005	-1.51227584256715e-012	0.215650733131234	0.624349620205131	-2.6735423552635e-026	5.55975073890606e-005	0.599944504887074	-0.00133636214203562	2.09897611096048	-0.000247996141712262
44325.18675	6355.20340247066	1.68577626620715e-014	0.00122864814182896	10.4799361218304	2358.9670168293	324.420671670219	0.000677221892852938	6914.67418244456	-3.05297243356451e-010	0.00135180313928715	11.5033426328857	2586.36457630736	354.21046006192	4.71254493671536e-005	3.3372102614095e-012	0.221336947692335	0.618663405673769	-5.33661545785766e-027	5.58514157171549e-005	0.599944250986339	-0.0013670676660224	2.09853028966955	-0.000251253970765863
45007.1127	6263.47593833308	1.49074043411694e-014	0.00113755876324742	9.97464205863865	2308.09149405631	326.305541824227	0.000679771655053384	6829.19021461121	-3.0988788966986e-010	0.00125490724377178	10.9766259768609	2536.90029265683	357.093047620775	4.81263987537353e-005	-1.28976889543496e-011	0.227022847038286	0.612977507221537	-1.19745098862847e-027	5.61021755560626e-005	0.59994400021999	-0.00139923231833765	2.09806904775834	-0.000254649810019938
45689.03865	6170.31268386866	1.30984888404647e-014	0.00105027053776485	9.47635722383318	2256.38919645043	328.242176177777	0.000683386589651825	6742.4080396965	-3.14596561576349e-010	0.00116185472269149	10.4562658118746	2486.58013992699	360.085940845999	4.92583774803959e-005	3.873781038751e-012	0.232708513494806	0.607291839826232	-2.20369113795832e-028	5.63501306859055e-005	0.599943752268762	-0.00143296230425298	2.0975920983131	-0.000258193147860739
46370.9646	6075.67172462657	1.14260018854636e-014	0.000966833528782473	8.98565890549665	2203.84283019556	330.225718490286	0.00068809596203371	6654.28974733689	-3.19428194454488e-010	0.00107270571193599	9.9428433875281	2435.38162409386	363.188401459927	5.05312025388404e-005	-2.44749862258518e-011	0.238394029294788	0.60160632745762	-1.02418222500587e-028	5.65955627370247e-005	0.599943506824099	-0.00146837193230715	2.09709905162943	-0.000261894031526338
47052.89055	5979.51002313245	9.88556898585669e-015	0.000887280979015736	8.50310253547809	2150.43481642814	332.250950655713	0.00069393819798974	6564.79636281889	-3.2438804544101e-010	0.000987505306197879	9.43692609204142	2383.28117020029	366.399772638308	5.19562676050583e-005	9.12853453680545e-012	0.244079470124622	0.595920885210031	4.57153372525672e-029	5.68388065279192e-005	0.599943263585382	-0.00150558921567818	2.09658945083907	-0.000265763822026598
47734.8165	5881.78321394291	8.47084050587112e-015	0.000811629153163079	8.02921908973667	2096.1471931818	334.31242135429	0.000700961991853431	6473.88762400924	-3.29481679750648e-010	0.000906279572310623	8.93904869296066	2330.25395600882	369.719761034619	5.3547000379754e-005	-3.41226462559026e-012	0.249764913904301	0.590235441129342	-7.34224603671341e-029	5.70801325256833e-005	0.599943022258534	-0.00154475227069895	2.09606276110396	-0.000269814544325689
48416.74245	5782.44547862817	7.17624725276468e-015	0.000739877470710573	7.56451031119277	2040.9615228683	336.404609269903	0.000709227836099566	6381.52179593213	-3.34715005748132e-010	0.000829037232368814	8.44971635646561	2276.27383993736	373.14840711906	5.53189878952589e-005	-7.20814551157687e-012	0.255450437046439	0.584549917741665	-2.66304361832304e-029	5.73198418592029e-005	0.599942782553226	-0.00158601483917668	2.09551833597364	-0.000274059624982817
49098.6684	5681.44942929587	5.9954519066546e-015	0.000672011758599027	7.10946121168879	1984.85907485009	338.521513658431	0.000718808498318363	6287.65557480123	-3.4009432213156e-010	0.000755773319988835	7.96941795902241	2221.31327285536	376.685924773207	5.72904254857996e-005	1.66218927993229e-014	0.261136115957471	0.578864239654248	-1.02238449503991e-028	5.755820331601e-005	0.599942544181307	-0.00162954704928715	2.09495543591067	-0.00027851385924068
49780.59435	5578.74594084611	4.9218091670664e-015	0.000608004879931116	6.66453970518756	1927.82081082701	340.656650175013	0.000729790702911821	6192.243880042	-3.45626349444188e-010	0.000686469300027363	7.49862329939461	2165.34315741047	380.332756921182	5.94824128891169e-005	6.50665408375846e-012	0.266822029991169	0.573178326397989	-3.38258376430324e-029	5.77955319674128e-005	0.599942306854383	-0.00167553702682124	2.09437321175349	-0.000283193501637941
50462.5203	5474.28399531816	3.94872557794179e-015	0.00054781746803847	6.23019799382681	1869.82742123615	342.802952635604	0.000742277098617239	6095.23966439675	-3.51318283666867e-010	0.000621094707737558	7.03778862725879	2108.33272120779	384.089502938098	6.19196243048247e-005	1.48975265137867e-011	0.272508259314031	0.567492096781285	-3.76740193188837e-029	5.80321021520034e-005	0.599942070282032	-0.00172419527892267	2.09377068681187	-0.000288116745028462
51144.44625	5368.01046393242	3.0692008747423e-015	0.000491398536251538	5.8068721516839	1810.85929324007	344.952799236337	0.000756388879360462	5996.5936325089	-3.57177817887349e-010	0.000559606207275891	6.58734977916983	2050.24931241841	387.957050563744	6.46308400164325e-005	2.09108439867614e-012	0.278194889357899	0.561805466684579	-1.49979105492177e-028	5.82682186082116e-005	0.599941834169198	-0.00177575581012553	2.09314673392112	-0.000293303686386533
51826.3722	5259.86993478041	2.27683590573304e-015	0.000438687663493032	5.39499187282766	1750.89676442545	347.097493694643	0.000772267792214253	5896.25405682372	-3.63213231696907e-010	0.000501950996266815	6.14773608902269	1991.0582427454	391.936363704046	6.76497929864779e-005	8.0610536933099e-012	0.283882008321408	0.556118346480683	6.6907651196215e-029	5.85041671982535e-005	0.599941598214095	-0.00183047916135511	2.09250008488106	-0.000298776509712237
52508.29815	5149.80445761985	1.56466537870468e-015	0.000389614286727988	4.99497258614251	1689.91998751349	349.227526537781	0.000790080736942111	5794.16640421074	-3.69433438583183e-010	0.000448066078092198	5.71936462773951	1930.72255258714	396.028576130225	7.10160708022152e-005	3.31513422895832e-012	0.289569712393015	0.550430640966681	-4.62281744276156e-029	5.87402760339188e-005	0.599941362105565	-0.00188866035393115	2.09182926631568	-0.000304560409807833
53190.2241	5037.75328396612	9.26127453720035e-016	0.000344099388984851	4.60722497261011	1627.90921510541	351.332000458476	0.000810023255667845	5690.27303508548	-3.75848079200417e-010	0.000397880032228631	5.30264800852135	1869.20275607528	400.234860647667	7.47764165370254e-005	-1.20301390507219e-011	0.295258106044716	0.54474224820758	-1.11934781831588e-029	5.89768623119459e-005	0.59994112552018	-0.00195063083217826	2.09113260451992	-0.00031068350399156
53872.15005	4923.65253719791	3.54669129707931e-016	0.000302055794930257	4.23215269352139	1564.84483513942	353.398569079597	0.000832325422802272	5584.51273914245	-3.8246759504024e-010	0.000351312715718635	4.89799125120769	1806.45651831151	404.556469696457	7.89861748628426e-005	1.44844918420676e-012	0.300947301862552	0.539053052053731	-4.6817241824289e-029	5.92142625124015e-005	0.599940888119135	-0.00201676517834095	2.09040817427304	-0.000317177430092488
54554.076	4807.43484034863	-1.56227464511448e-016	0.000263388609839803	3.87015413933158	1500.70754485573	355.41311450014	0.000857258665586948	5476.82023806158	-3.89303344977514e-010	0.000308276344784654	4.50579616531968	1742.43830584185	408.994628821348	8.3711272421945e-005	-5.34408959967057e-012	0.306637426224353	0.533362928332734	5.57931157342032e-029	5.94528389853626e-005	0.599940649544418	-0.00208748964912809	2.08965375271834	-0.000324078114909392
55236.00195	4689.02884360604	-6.12876380532993e-016	0.000227995724536614	3.52162443310643	1435.47856117276	357.359357123567	0.000885144311082754	5367.12554381755	-3.96367715906978e-010	0.000268675504406481	4.12646066308669	1677.09894055373	413.550499250992	8.90306298511604e-005	-6.40727937579734e-012	0.312328621368014	0.527671734143287	-5.10534725844752e-030	5.96929677599651e-005	0.5999404094149	-0.00216328940734846	2.08886676837153	-0.000331426250188034
55917.9279	4568.35869532397	-1.02140863819977e-015	0.000195768702241684	3.18695840719999	1369.13998718098	359.218205805032	0.000916364082742306	5255.35325363975	-4.03674321382141e-010	0.000232409148066255	3.76038939728687	1610.38512884031	418.224883661378	9.50393334010487e-005	-2.53046792176711e-012	0.318021047526761	0.521979307189127	-1.29913654527608e-028	5.99350601238783e-005	0.599940167321269	-0.00224472230222436	2.08804423650481	-0.0003392685594424
56599.85385	4445.34328718398	-1.38799578289023e-015	0.000166592507902657	2.86654886914275	1301.6750028326	360.967429564889	0.000951374729898299	5141.4214900428	-4.11238114207514e-010	0.000199368859293934	3.4079834570782	1542.23879280955	423.018288083803	0.000101852723031109	-5.14671099795399e-011	0.323714891536928	0.516285465419468	2.11349783351671e-028	6.01795589348887e-005	0.599939922820116	-0.0023324292992021	2.08718265698129	-0.000347658506701463
57281.7798	4319.89539736607	-1.71801418500202e-015	0.000140346571684882	2.56079060507782	1233.06845607688	362.580620918142	0.000990725449854064	5025.24075454955	-4.19075671418561e-010	0.000169440898659102	3.0696528474815	1472.59638071639	427.930458218167	0.000109611671798178	-6.30274660239334e-012	0.329410368000867	0.510589988052235	2.6188896207557e-028	6.04269745736548e-005	0.59993967542706	-0.00242715392371797	2.08627791091497	-0.00035665800723734
57963.70575	4191.9205106894	-2.01753338153485e-015	0.000116904308431474	2.27008028681491	1163.30738874106	364.02628272972	0.00103508183167936	4906.7123310151	-4.27205449285129e-010	0.000142505914153495	2.74581636343196	1401.38796533791	432.960050359363	0.000118490053310302	3.70450776384154e-011	0.335107732612438	0.504892621961646	-7.07646706611303e-028	6.06777856319562e-005	0.599939424608558	-0.00252976396760707	2.08532510058093	-0.000366339272587846
58645.6317	4061.31525795596	-2.29220911375676e-015	9.61340813521199e-005	1.9948187616555	1092.38185002816	365.266379574882	0.00108525677336048	4785.72620054095	-4.35648103794986e-010	0.000118438904055507	2.43690160836356	1328.53614888429	438.104108726277	0.000128703942096954	-4.74228722254547e-012	0.340807292535752	0.499193064112298	-1.88834437462521e-028	6.09326066647273e-005	0.599939169769963	-0.00264127526572493	2.08431836342101	-0.000376786611818363
59327.55765	3927.96534291928	-2.54734848829103e-015	7.78988429076244e-005	1.73541197206642	1020.28596131645	366.25445734332	0.00114225252100423	4662.15832492401	-4.44426970809199e-010	9.71100491239716e-005	2.14335389578295	1253.95477347319	443.357100863041	0.000140524933796326	-1.20645592346968e-011	0.346509419037826	0.493490938822767	-2.04448634480048e-028	6.11921317037695e-005	0.599938910244005	-0.00276289027121278	2.08325059545262	-0.00038809989349893
60009.4836	3791.74261013124	-2.78857474043762e-015	6.20566740121592e-005	1.49227165731881	947.01927933219	366.933162077711	0.00120731829947684	4535.86686232051	-4.53568581571709e-010	7.83842764423784e-005	1.8656360563074	1177.54729587217	448.709691911132	0.000154298576092159	-5.6890180716986e-012	0.35221457354079	0.487785784386232	-5.02358094350083e-029	6.14571030865477e-005	0.599938645272746	-0.00289604192178758	2.08211307877991	-0.00040039827799227
60691.40955	3652.50089611857	-3.02137668892785e-015	4.84606333375038e-005	1.26581758546649	872.588839305888	367.230433810335	0.00128202970597907	4406.68698172088	-4.63103412528872e-010	6.21216665531872e-005	1.60423627494649	1099.20483299009	454.146656692023	0.000170470237148098	-1.25848770746513e-011	0.357923336593948	0.482077022777287	-9.1496477699722e-030	6.17283921202223e-005	0.599938373985852	-0.00304245307884012	2.08089497506029	-0.000413825340196012
61373.3355	3510.06994749784	-3.25144900176001e-015	3.69589516401491e-005	1.05647808024709	797.01189982016	367.05426097381	0.00136840272271957	4274.42343044715	-4.7306686878174e-010	4.81774596073857e-005	1.35967490604177	1018.80376691421	459.643685305752	0.000189622746079998	1.11510259546569e-011	0.363636453207272	0.476363905639175	1.29216518706563e-027	6.20070437480728e-005	0.599938095370567	-0.00320421853525405	2.07958256968858	-0.000428556432029659
62055.26145	3364.24619994621	-3.4849517790771e-015	2.73948037687894e-005	0.86469049934503	720.31989524007	366.284851614174	0.00146906054970338	4138.83960300618	-4.83500557222347e-010	3.64015334988474e-005	1.13250939864944	936.202839238449	465.162302234689	0.000212533711234989	3.03673105134816e-012	0.369354906738752	0.470645451817823	-8.96788597145672e-028	6.22941622918046e-005	0.599937808235172	-0.00338391447487588	2.07815815296156	-0.00044480868555864
62737.1874	3214.77834986729	-3.72834937985199e-015	1.96065734586408e-005	0.690901964413943	642.564419530877	364.76235838471	0.00158748542247754	3999.64104158337	-4.94454180380483e-010	2.66386169464253e-005	0.923347345074058	851.239724571068	470.641351670076	0.000240260628070679	-1.48314084988065e-011	0.375080023657244	0.464920336018899	1.21065498675671e-027	6.25912467427846e-005	0.599937511147375	-0.0035847551456329	2.07659829466894	-0.000462855721962017
63419.11335	3061.34378044048	-3.98930867447729e-015	1.34274167215916e-005	0.535568715947643	563.826366862631	362.267337754853	0.00172841579103506	3856.44938283552	-5.05988217148239e-010	1.8727714022111e-005	0.732859096196775	763.7271413806	475.982600838057	0.000274282337443646	6.69839504838877e-012	0.380813653592382	0.459186706789602	1.09302546705239e-027	6.29000630416122e-005	0.599937202359422	-0.00381081864810699	2.07487103771122	-0.000483049692088845
64101.0393	2903.50809735312	-4.27659245476071e-015	8.6850162218672e-006	0.399154093406565	484.230683354687	358.487800547542	0.00189850526032412	3708.75930930189	-5.18177958457536e-010	1.25013447081232e-005	0.561793271640102	673.448909516831	481.025256894389	0.000316734131588273	-5.14472127540127e-012	0.386558469426836	0.453441891870848	1.49845762344709e-027	6.32227464622228e-005	0.599936879682709	-0.00406738458120592	2.07293108416092	-0.000505855808090339
64782.96525	2740.65138589667	-4.60145578844578e-015	5.20136780404399e-006	0.282124671615394	403.971791948629	352.959897859874	0.00210749033248337	3555.86315715914	-5.31120052939547e-010	7.78486348619567e-006	0.411001970692749	580.157275497854	485.498459454286	0.000370831399576788	-3.49433276801849e-011	0.392318517277417	0.447681845027144	-9.84039422145437e-028	6.35621236278052e-005	0.599936540295533	-0.00436146444171972	2.07071093913362	-0.000531909703205227
65464.8912	2571.8229368934	-4.97841001506924e-015	2.79284048707921e-006	0.184941728479298	323.360755001931	344.952879408782	0.00237045842999781	3396.70836149015	-5.44943771902987e-010	4.39521806517306e-006	0.281472699477309	483.575313928987	488.926935223557	0.000441702392031784	-2.06976700630835e-011	0.39810028658128	0.441900076621775	-1.73193949680597e-027	6.39219921041409e-005	0.599936180400338	-0.00470267904489817	2.06810298882575	-0.00056211996332989
66146.81715	2395.42339350415	-5.42771373167306e-015	1.26951368655341e-006	0.108043941381535	242.923161279026	333.220038548054	0.00271284606178815	3229.59876276961	-5.59832644540561e-010	2.13895613904897e-006	0.174375441396914	383.416001128953	490.425645472013	0.000538228383514391	-2.38624566670199e-012	0.403915032093732	0.436085329884478	-4.80637737130147e-028	6.43078109505741e-005	0.59993579458197	-0.00510481710430093	2.06491837455499	-0.000597870332985706
66828.7431	2208.39518668744	-5.97812267881169e-015	4.33846132064254e-007	0.0518078032283717	163.637303962782	315.368928712719	0.00318374684045891	3051.46790617932	-5.76073173051107e-010	8.09498877880862e-007	0.0911359145432315	279.457809104617	488.187915936592	0.000677936717648712	4.65767002417391e-013	0.409784652572488	0.430215709331656	-1.84411400815494e-029	6.47280241551689e-005	0.599935374369643	-0.00558889169248491	2.06077355809816	-0.000641481508175458
67510.66905	2003.58939763526	-6.6705605361587e-015	8.20174383349065e-008	0.0164295133758221	87.6795918866467	285.821796482046	0.00390430392008803	2855.62976661669	-5.94195853918134e-010	1.82662735427283e-007	0.0335550996669896	171.857353847144	477.877311457376	0.000904567864767404	2.95547597753144e-012	0.415760639141122	0.424239722369186	-2.40048193949385e-028	6.51982536862768e-005	0.599934904139435	-0.00619020580782773	2.05466933971428	-0.000697542510264682
68192.595	1755.93187579638	-7.52382890433491e-015	2.59799144497447e-009	0.00134225908334083	22.141001225582	225.254288027768	0.00540093816982114	2620.58237718674	-6.15642207905345e-010	8.32154595446172e-009	0.00399217938198784	63.3215471089936	444.098386588177	0.00140587074933432	2.99167859771867e-012	0.422022860415233	0.417977500184315	2.07295040323343e-028	6.57601291441798e-005	0.59993434226207	-0.00699001405149139	2.0421747022354	-0.000778875851719041
