0	1001.04410334889	18.9998626797817	0.178142744425379	0.324002643690093	0.000100002245913386	0.0199851840321619	4.90447819988563e-007	1.0356190020058e-012	1001.04539444491	18.9999999875206	0.178000050481338	0.324000076764902	0.000100002248198863	0.0200000006729714	5.2289973574988e-007	8.84459984536684e-010	0.239999999999292	9.99999990404799e-008	0.600000000000707	9.99999999999998e-013	9.999999904048e-008	0.599999999999999	-0.000528718173456966	2.47524941316594	-0.000226594374378852
645.93908	1315.05289863475	18.1541059203225	71.1977951064745	109.742262120093	0.725210468323198	4.46386681333066	0.000111068355095832	2.69408773114976e-011	1683.22766962431	17.8178941229956	100.852821393972	156.902771639177	0.971012467542854	6.01213505830818	0.000151156680428948	9.15407759919344e-006	0.224857471062857	9.95703010607598e-008	0.615142550606195	9.02057402938198e-013	9.99206719671709e-008	0.6000000023798	-0.00640111567018039	2.395402126032	-0.00119970440796588
1291.87816	1671.4374380856	18.0932116025126	141.400894818084	217.493884018029	2.87359537540982	8.82811703964711	0.000219176985932111	4.91294138975152e-011	2066.57117701255	17.8808765537922	187.036002198927	288.972043800301	3.60483658434725	11.4382142608989	0.000285345564629521	8.2089584029585e-006	0.209639189461901	9.92262103034508e-008	0.630360819142716	8.23562385738026e-013	9.28869139596163e-008	0.600000004405912	-0.0048517976893748	2.38818731156196	-0.000922428081240757
1937.81724	2017.49968387492	18.022883467804	209.833687014536	322.574623991069	6.40373957140129	13.086157662303	0.000324706164463022	7.04467632023152e-011	2418.83492111574	17.8569037911714	263.349342642754	406.003415428691	7.63465882078503	16.2145715175969	0.000403555368882655	7.72094525417861e-006	0.194429874184976	9.76207759439788e-008	0.645570192602642	7.52507081177141e-013	8.94770030401692e-008	0.60000000645079	-0.00388283136841737	2.38408751856994	-0.000762088022182984
2583.75632	2351.19608933271	17.9407688969912	275.816720472094	424.063796669952	11.243913530897	17.205588660801	0.000426972835457979	9.08883867748093e-011	2753.37194216303	17.7997943383603	333.799984291376	514.266967246332	12.9728707208898	20.6312948323613	0.000513093830993698	7.40166683236332e-006	0.179230603074542	9.40787975977944e-008	0.6607694439123	6.85269768385436e-013	8.7471499135699e-008	0.600000007212444	-0.00324347231033915	2.38119597688892	-0.000655313995778517
3229.6954	2672.70724549319	17.8436479221028	339.194389722264	521.820318128112	17.3241708260312	21.1846651562994	0.000526032294225016	1.1074977045551e-010	3073.34406430199	17.7189071876084	399.848039916445	616.090051204729	19.5524372425592	24.7935354393263	0.000616645527528798	7.21602100507044e-006	0.164042870956136	9.28309254059857e-008	0.675957134596101	6.20591767108707e-013	8.68704634947279e-008	0.600000008754666	-0.00279080994071994	2.37895501262848	-0.000578528045676258
3875.63448	2982.52393017516	17.7270185623462	399.948365585908	615.925860143476	24.5799541881901	25.031199028955	0.000622190998883219	1.30199359918338e-010	3380.38507558128	17.6141675771149	462.210280618321	712.678868850703	27.3099955025119	28.7570701787955	0.000715699599569604	7.00882667634765e-006	0.148868663706304	9.53618916502005e-008	0.691131334291726	5.57868557617369e-013	8.54476845292771e-008	0.600000010318627	-0.00245345938027172	2.37711970983796	-0.000520443629534552
4521.57356	3281.21005956019	17.5843983679463	458.09739787407	706.55362034504	32.9519369117852	28.7581823022563	0.000715921968154054	1.48733878887256e-010	3675.61722522066	17.4810984303165	521.290342641464	804.799696609401	36.1860450634096	32.5600711487215	0.000811351600919855	6.71247147295487e-006	0.133710762026118	8.93024696785033e-008	0.706289248266708	4.96756387737822e-013	8.28762800386637e-008	0.60000001183898	-0.00219231606249785	2.37555758860915	-0.00047487977504777
5167.51264	3569.34351857603	17.4061145722621	513.65380864181	793.931288195586	42.3858730251196	32.3835574352186	0.000807892390634745	1.67191140256203e-010	3959.92037076232	17.3111114384993	577.318806952652	893.023854486196	46.1256680561889	36.2351239018104	0.000904635217055255	6.53092356689132e-006	0.118573276478992	8.73506079960372e-008	0.721426725352172	4.37038987886844e-013	8.16195219301639e-008	0.600000012933251	-0.00198417202201015	2.37418565218123	-0.00043813710035057
5813.45172	3847.49946916224	17.1771012659294	566.589713090368	878.340669398996	52.8327929411679	35.9324396170922	0.000899077825449439	1.85622108036082e-010	4234.04250010937	17.0898416772449	630.396564256624	977.847972209433	57.0791051142111	39.8166271739556	0.000996765707642991	6.48643028510449e-006	0.103462633794647	8.56578321399108e-008	0.736537367989846	3.78573469707012e-013	8.19682183404959e-008	0.600000014302421	-0.00181437095228297	2.37294411612383	-0.000407854351070667
6459.3908	4116.253243834	16.8726278331201	616.790474604352	960.147466355482	64.2497569207178	39.4428014367125	0.000991023843790491	2.04419867435316e-010	4498.66036445284	16.7931317641588	680.483313478517	1059.78310374715	69.002655214456	43.348995387719	0.00108946228863061	6.46089486818992e-006	0.088389534198718	8.49036244860556e-008	0.751610513417819	3.21268843230586e-013	8.28009267577028e-008	0.600000016948581	-0.00167318875590705	2.37178175032044	-0.000382447958281154
7105.32988	4376.20246180437	16.449369502414	663.96335120419	1039.88181280306	76.60173251932	42.9787190170651	0.00108644875955425	2.26124379896686e-010	4754.43904245988	16.3782963157798	727.321996389521	1139.4721376069	81.8607212215387	46.9013598308484	0.00118558959205097	6.3187191062627e-006	0.0733731681586951	8.34548468933777e-008	0.766626902223012	2.65068465887021e-013	8.16412706271344e-008	0.600000018658183	-0.00155390104537323	2.37064292868309	-0.000360812325501778
7751.26896	4628.027108665	15.8250078955429	707.419144767956	1118.44349137173	89.8661483497	46.6638872153286	0.00119078656768138	1.73782776423272e-008	4972.69986914596	15.7635796308304	765.223003328952	1210.04736065599	95.2812230226008	50.2932503102088	0.001290715425798	6.18601263832484e-006	0.058451524374183	8.2007753950984e-008	0.781548605375726	-1.04828556049465e-009	8.07278453822161e-008	0.600000019678436	-0.00145167149008584	2.36944711743637	-0.000342147541436745
8397.20804	4872.65899400546	14.8268440021415	745.457509244522	1197.68409842291	104.044920970306	50.7798262801671	0.00131681952072875	-1.78987027803195e-009	5207.83668542336	14.7785493828441	801.510554999661	1287.72020718468	109.849998682657	54.3688471977255	0.00141768853203313	6.03185970817536e-006	0.0437095939487163	8.05545193932678e-008	0.796290539970474	-2.53689838989502e-009	7.93087038206446e-008	0.600000021025254	-0.00136283469936412	2.36803845348725	-0.000325852436811268
9043.14712	5111.83524837558	13.0536435091401	773.295962528918	1282.34825639412	119.201274276619	56.1171213953347	0.00150200415012849	3.40646493351223e-008	5508.01581112667	13.031906258843	838.954538162	1390.40896289079	126.483679096175	60.3574700792347	0.00160346083408578	5.8841058428006e-006	0.0293713520262564	7.9127037268427e-008	0.810628854483022	-1.60510613308428e-009	7.79152648118507e-008	0.600000021622428	-0.00128426172651255	2.36602218860587	-0.000311450667740705
9689.0862	5350.16495182904	9.59007486677593	774.88558846799	1387.50669275579	135.592384383265	65.5632377466853	0.00189484209078903	-5.54041024861304e-009	5775.64218215692	9.61448021112848	843.197382912082	1506.73570933478	143.967838064794	69.9762240105381	0.00199121486612868	5.74417742793874e-006	0.0161376308891737	7.7724851292213e-008	0.823862524440985	-4.17503739669566e-009	7.65470413075965e-008	0.600000024514608	-0.00121239061168421	2.3621265401078	-0.000298558664650368
10335.02528	5600.99218709583	3.9379529208613	697.480775491897	1558.56074335279	154.104546165614	91.9049612291338	0.00331469712787585	2.06393781213601e-009	5927.54358703043	3.97442768256165	744.317638126209	1656.28241915506	161.342654310966	94.8977213238636	0.00335657539175513	5.61536971468984e-006	0.00610322744846803	7.63475135057231e-008	0.833896943796684	-3.42153168837198e-009	7.52035924107705e-008	0.600000023397811	-0.00114418708115005	2.35217229358907	-0.000287278962013639
10980.96436	5880.26736022434	0.52762801327126	491.155381640666	1810.79242543459	176.355794385942	176.172265454772	0.0104832261072319	1.19644660043774e-008	6187.71354278238	0.536915164131948	523.416984246677	1915.61409041199	183.891018890274	178.008588586606	0.0102060423667353	5.5036504830162e-006	0.00154739575135401	7.49945856910058e-008	0.838452739221877	-1.34023016677803e-009	7.38845687794002e-008	0.600000021619129	-0.0010920157641928	2.33101406740163	-0.000279307656473771
11626.90344	6178.14199870568	0.0370680965957673	275.110611118709	1967.93901920899	202.170792602118	371.47902665527	0.0428881641378965	-6.05564688223959e-010	6459.52668378981	0.0376865345291221	291.782226517894	2072.91948517302	209.84452663528	376.765063064884	0.0416083468854628	5.41464300476037e-006	0.000343346724424367	7.36656503974337e-008	0.839656817557996	-3.87359885934591e-010	7.25896739550464e-008	0.600000022046089	-0.00106301836655506	2.30444632602538	-0.000274536174322915
12272.84252	6481.22300322791	0.00296480285902743	143.270082689991	1926.07225262268	228.950682423456	683.297147224835	0.148257960399914	3.66724040879286e-007	6719.76986415962	0.00295681373281836	148.399738299845	1997.84617403357	234.693908809247	715.896283094387	0.145922081903054	5.38045286298945e-006	7.5129531196685e-005	7.23603635129259e-008	0.839925051076297	-5.08388580383704e-011	7.13186172270193e-008	0.600000022775736	-0.00103503117527934	2.2804495163129	-0.000268527323929043
12918.7816	6785.27469419623	0.000340369322834619	75.7858233925297	1749.82268180625	254.213776420596	1066.15856502744	0.397295295937337	3.19806266784169e-007	7111.11062409839	0.000346030728025025	80.9934878510821	1857.65061237797	264.030054813702	1100.07885602925	0.396084114085909	5.49449351699196e-006	1.64244107399947e-005	7.10785948189499e-008	0.839983764281073	1.05540728506616e-010	7.00712838727755e-008	0.600000023429076	-0.00099983335152619	2.26088564699216	-0.000259908782300401
13564.72068	7089.45976547468	5.03620498271623e-005	40.54395080489	1509.16813843946	276.600815558074	1482.4223976977	0.890558923889182	9.3842719928526e-007	7425.4030640069	5.12921916972202e-005	43.4332350911252	1605.15143521531	287.059227315238	1535.05888700754	0.894139381526092	5.95131703000836e-006	3.59016919695405e-006	6.98207047801612e-008	0.839996609438564	1.03466893542143e-010	6.88480594736876e-008	0.600000023527291	-0.000962226814680143	2.24442905700063	-0.000250337865407702
14210.65976	7393.67356580636	8.21333437943165e-006	21.1446810914806	1238.4691651461	295.480457331677	1914.22434243991	1.8094520284596	2.24570129706523e-006	7746.67736012758	8.33476787553566e-006	22.6935135421601	1319.33565087353	306.300326026191	1991.54046160054	1.82115180823623	7.17948086706323e-006	7.83671443413946e-007	6.85881705889922e-008	0.83999941680353	-1.19747136594125e-010	6.76504865055031e-008	0.600000026003352	-0.00092526351129117	2.22954442783001	-0.000240818916282426
14856.59884	7697.83327165874	1.26256930323756e-006	10.1914890971314	953.29611505364	310.554033607112	2353.10541481315	3.5520955796701	5.55983531679019e-006	8062.86958558167	1.22480212240339e-006	10.9530764867234	1016.2738959092	321.388036993246	2455.21120180822	3.56968258912725	1.0292055345995e-005	1.71458235155647e-007	6.73853277149701e-008	0.84000003564546	-2.80657983896127e-010	6.64830414673245e-008	0.60000002769395	-0.000889879586612289	2.2149095004892	-0.000231686956211364
15502.53792	8001.989138825	1.47824249720556e-007	4.13978530251141	661.966600743134	321.685088920748	2793.29580159051	7.20761233664163	1.46852086761117e-005	8343.31132544254	1.2426844734356e-007	4.43509674385913	702.737238792234	331.473716966728	2907.93110792952	7.19555140960862	1.895445514292e-005	3.76458731895392e-008	6.62254051442019e-008	0.840000171979661	-1.40754139375989e-010	6.53591746434882e-008	0.600000028845154	-0.000856006856777442	2.19897372244822	-0.000222979479066693
16148.477	8304.77836626093	8.33758265034239e-009	1.13528496090702	372.414509799357	328.809576501615	3223.81125306295	17.0607709283401	5.0722547781139e-005	8743.54677111612	-1.01885724788524e-008	1.25337890084639	403.865733796565	340.713517816747	3393.80825137717	16.7316777307695	5.14245996073565e-005	8.42662109880665e-009	6.51607305837769e-008	0.84000020127232	-4.58764471183018e-011	6.43306271778171e-008	0.600000029770941	-0.000822233378007226	2.17871436048438	-0.00021438094266033
16794.41608	8608.55528599899	5.53395648009714e-011	0.104448783604143	119.030712311191	332.176797454317	3579.67421884293	65.7485791622008	0.000359562020936836	8975.39546750284	-1.29017677440189e-008	0.115509262936606	128.310614233986	341.224658110084	3745.10803436174	61.5211795618625	0.000318507497947873	1.80962217734295e-009	6.46014683886148e-008	0.840000207567991	-5.62814186446713e-011	6.37793132887903e-008	0.600000030284108	-0.000777006328560532	2.14543875560022	-0.000202507355432699
17440.35516	8910.87790773244	1.69662250330414e-012	0.00593743294797787	28.4904134962161	333.0827960853	3607.75430400644	278.948906553607	0.00312148022794371	9274.73673852449	-2.60143767638039e-009	0.00641105071864522	30.2946806205089	341.038111767078	3785.84133720151	270.72092350915	0.00287296030253971	3.94594425278046e-010	7.00262396731754e-008	0.840000203666142	-1.21358474333612e-011	6.89131578876389e-008	0.600000025086043	-0.000722292882893899	2.10847847675997	-0.000188007592752672
18086.29424	9214.58434372344	1.27559233576362e-012	0.00130259325664574	13.1202139191815	333.397183413196	3487.47496147019	566.248920823467	0.00917092670863402	9577.31132936417	-7.17914370389946e-010	0.00138650179310811	13.8403201069078	340.890176617991	3656.82784046607	567.299894600535	0.00872355199240031	8.70264717038439e-011	1.06664987004645e-007	0.840000167313078	-2.79610724590614e-012	1.05554087458335e-007	0.599999988434771	-0.000694488176394397	2.08990172699069	-0.000180793290236296
18732.23332	9524.5605101756	3.42548846694339e-012	0.000495634370966557	7.93132925097303	333.683597032658	3349.40084098152	864.189478517673	0.0175820851227329	9860.21547039396	-2.92378202710496e-010	0.000522048403165019	8.30365509709581	340.340883217359	3495.43965874843	875.20773589632	0.0161128420678967	1.72970092020319e-011	2.97735189206959e-007	0.83999997629994	-7.57871466005727e-013	2.96044085990194e-007	0.599999797937198	-0.000671615484313523	2.07856554356661	-0.000174821845477346
19378.1724	9788.27018503393	1.50500048712223e-011	0.000238028839860687	5.36375070869836	333.078811730016	3189.56263026757	1159.51095684323	0.0293263005518155	10568.7378980438	-2.51463568118783e-010	0.000269926840243215	5.98299932160551	348.769214159254	3543.04654487775	1185.42076228276	0.0191411282809147	3.9864350792156e-012	1.98662020741495e-006	0.839998287483632	-1.79308846214149e-014	1.54214466020117e-006	0.599998551837244	-0.000650640165371783	2.07036441278607	-0.000169347985329456
20024.11148	10091.2961055317	-5.51596988635704e-011	0.000130762657324446	3.88374737398339	333.229946493575	3044.41870154204	1457.45491918464	0.0389224456757023	10212.8378563128	-1.95810811186711e-010	0.00013263812070968	3.93623793173569	335.309860235005	3079.26632012926	1494.4161552488	0.0114980420722261	3.61703965961743e-012	4.22059188528497e-005	0.839958068173264	-6.27442069669104e-014	8.17423118486167e-006	0.599991919750415	-0.000630767820049852	2.06391444755614	-0.000164270726042832
20670.05056	10035.3488262017	7.77368389172339e-011	9.28401938948818e-005	3.18471891924827	329.756789128381	2882.75393703009	1596.35454918376	0.0400170181053532	10624.4165277693	-1.01696913371323e-009	0.000100297811269189	3.41379564581222	340.596118603674	3066.72637906667	1692.26976864083	0.00304119808560903	2.86347962343044e-013	0.0025049460183593	0.837495328140927	-4.84485760432184e-012	2.65504745460774e-005	0.599973543509331	-0.000609328641231759	2.06082664526602	-0.000161240296361625
21315.98964	9474.15253613064	5.38148288721927e-011	0.000268702856634692	5.64014658377682	339.244587579747	3124.49274818582	1057.99757686918	0.0123194766022503	9924.3410563501	-3.71821785902108e-010	0.000277862300654851	5.86252311427064	345.685918506745	3254.71485574697	1163.85611182519	0.00078140711610049	-2.10981047995997e-012	0.0180632520721165	0.82193702210334	-1.73264320163968e-012	3.67822655459698e-005	0.599963311718152	-0.000759929739604104	2.07230239235288	-0.00017126653887624
21961.92872	8698.81815537061	8.41011094332008e-011	0.000778697614648373	9.65468949201052	340.001393823665	3159.12577986304	630.877675726939	0.00479173829045976	9501.33229852197	-6.71840188611211e-011	0.000846334964893662	10.5253103546086	353.386859386059	3448.49172213284	708.347375575797	0.000482570999683155	-5.91350616591721e-013	0.0309714775017024	0.809028796635036	5.63628809419795e-013	4.00499132648337e-005	0.599960044067492	-0.000796042766566781	2.08534578932156	-0.000182252170489941
22607.8678	7702.51871341028	3.24673434935203e-010	0.00133134450377437	12.070298966466	329.090418760809	2887.73667983039	420.446129385632	0.00337154214575842	9014.51714099113	-2.21607565540696e-010	0.00160304878784128	14.415022391412	353.814382224614	3420.69359485078	512.740560852579	0.000401086832274915	-1.18817032434758e-013	0.0395340762872997	0.800466197818819	-1.62811894282159e-013	4.16827113176132e-005	0.599958411269565	-0.000810932358681255	2.09339094975752	-0.00018853411624944
23253.80688	8533.895027736	-1.45258579232746e-010	0.00211160878894126	16.1956131081428	350.384057822852	3278.14231515202	405.807318912851	0.00242006314353105	8995.95655636253	-3.9715436451339e-010	0.00223082436274038	17.1148610878669	359.327065527206	3466.65666912296	432.456735588158	0.000371216232417299	-6.13341660605809e-013	0.0462494515706141	0.79375082257389	4.83674470115239e-012	4.27830967313186e-005	0.599957310891494	-0.000823885675621884	2.09749932490491	-0.000192123032766342
23899.74596	8380.90091483207	-3.75439135608031e-011	0.0024147899006683	17.2000867078257	351.722062548341	3233.08706636234	371.503709363222	0.003257712593174	8095.17991223846	-1.13299308611702e-008	0.00234685254703031	16.6676439246748	345.78770367662	3118.17419573204	397.175490451634	0.000357997700056706	-1.33085812172234e-012	0.0522436596304115	0.787756614556497	-2.71272372410475e-012	4.36600664185933e-005	0.599956433926639	-0.000836587000332568	2.09948900654568	-0.000194512718217547
24545.68504	8597.37232368985	-8.96767418223656e-011	0.00267590822620894	18.3725452051116	360.274242751724	3328.96292509857	368.716808501866	0.00238711147621487	8559.08772440493	-1.16638833041556e-008	0.00266288038194284	18.2814282969804	359.233647467133	3313.01310073974	379.602124129742	0.000351225441382014	2.49508679646866e-012	0.057952067433734	0.782048206752377	-5.99932630390212e-012	4.44189145719626e-005	0.599955675011697	-0.000849300909598249	2.10049809680587	-0.000196413613245183
25191.62412	8576.30458296068	-2.18995604606062e-011	0.00276671090935168	18.65661731219	363.892410023718	3320.08514933727	361.133578079986	0.00204385628418908	8561.25314766247	7.97579689381953e-009	0.00275991239056706	18.6136290661454	363.400387286078	3313.80849223738	369.408112299386	0.000347492852571251	-2.16480729705042e-012	0.0635401790621547	0.776460095090751	8.81611143331001e-012	4.51015075959908e-005	0.599954992392361	-0.000862112616739059	2.10106182188222	-0.000198127386770418
25837.5632	8094.98734147376	-1.74254760700458e-010	0.00263462365167041	17.6377322931292	357.610646634444	3116.09109595408	336.496334043524	0.00173285966234479	8581.20742104726	-2.69490781096766e-009	0.00281400764732843	18.8091277718631	367.909091030836	3319.21174879418	362.648587491916	0.000345520150924075	-1.24048942643916e-012	0.0690714877169062	0.770928786529036	-1.79847919341233e-011	4.57276583690611e-005	0.599954366269851	-0.000875071629137926	2.10140597907367	-0.000199776765056726
26483.50228	8375.19921389299	-9.35787414615654e-011	0.00275825510882147	18.3704020962846	367.557050991525	3228.811674111	346.848025832508	0.00166937182035867	8503.8067406178	-3.47837882187762e-009	0.0028044733346212	18.6729096005911	370.253665556848	3282.51132881329	357.759576618726	0.00034474806471779	1.48821351683749e-012	0.0745713636725493	0.765428910521847	-1.21880461973522e-011	4.63086554976917e-005	0.599953785183615	-0.000888220273771474	2.10162445939837	-0.000201412132248908
27129.44136	8288.09745121909	-6.16345632712733e-012	0.0027243036671018	18.1383748002051	369.670775524612	3186.990712517	342.236213599282	0.00178605939054474	8366.74818581384	8.89614923523194e-009	0.00275346777550176	18.3257995491309	371.224412513421	3219.95207523079	354.068291898428	0.000344886209009658	-8.49034967742025e-012	0.0800508950968286	0.759949379363457	1.36756718089797e-011	4.68519993610787e-005	0.599953241844026	-0.000901598311740054	2.10175868577639	-0.000203055713278642
27775.38044	11735.9294251373	9.90914616383988e-010	0.00403538785985063	26.5748696031216	453.05730582304	4615.65370109876	489.825311597724	0.00285290279296378	7178.66763408694	5.08935622993382e-008	0.00232236485429515	15.5031220848717	348.301542513855	2719.61759933734	351.244832828474	0.000345759592334469	1.48352497313383e-013	0.0855156521116485	0.754484622227337	1.89899056137352e-012	4.7363200759809e-005	0.599952730643114	-0.000915242905671257	2.10182932151096	-0.000204718823620385
28421.31952	8337.97545025205	-3.50368748705195e-011	0.00269888688964176	18.0746535193554	379.052077793371	3194.33294983782	345.014272696739	0.0014470866571613	8354.02872993966	5.19202173387466e-009	0.00270114382033655	18.0959523037982	379.287814093059	3201.11583227028	349.100503070018	0.000347251740535106	-5.54743813863515e-012	0.0909689071324738	0.749031366839746	2.80201621925835e-011	4.78465515075801e-005	0.599952247320563	-0.000929188591616819	2.10184838356321	-0.000206408419058799
29067.2586	8094.05501253684	1.11771997693905e-011	0.00257010931656747	17.3346628691746	377.599943105153	3085.36970025461	335.622648251829	0.00168648119621003	8148.47822722046	7.29083174991504e-009	0.00259055793888887	17.4640253686229	378.599846463904	3108.29767775468	347.511889100225	0.000349280687733659	-1.66552977883292e-012	0.0964128498842768	0.743587424095227	5.36459899127797e-012	4.83055094950611e-005	0.599951788368547	-0.000943467711703842	2.10182387383712	-0.000208129586944726
29713.19768	8202.57428444029	-1.01988408900358e-010	0.00256497333120112	17.420133761617	384.417817324899	3122.18792581458	341.966163951746	0.0015545053111503	8169.21052276092	-5.19566538997313e-009	0.00255019337430905	17.3265832481466	383.383198185289	3108.65579917248	346.390491520064	0.000351787135021443	4.30135558316484e-012	0.101849077913687	0.738151195917682	-1.43808074517994e-011	4.87429219215962e-005	0.599951350967607	-0.000958111040767795	2.10176163375976	-0.000209886530001865
30359.13676	8516.21850703962	-2.17679224631884e-011	0.00262207332969622	17.9510420495107	396.176732670902	3243.08065246781	358.030437666911	0.00132151848167922	8192.44646790472	2.34704205315269e-009	0.00250374865441502	17.1698792459903	388.396493919145	3109.3597105122	345.669226091309	0.000354727738922483	5.66426624882677e-013	0.107278819103244	0.732721454848319	2.75290708205407e-011	4.91611702652159e-005	0.599950932622488	-0.000973148405452385	2.10166616269637	-0.000211682989712333
31005.07584	9770.15044062029	-5.5876096603973e-010	0.00298871631470084	20.6136810185229	431.174085500183	3749.99288198724	417.098868391632	0.00130637805803991	8151.90117359956	2.81410842866332e-009	0.00243041578583914	16.8436753209143	391.801456824155	3083.43645155617	345.295542303826	0.000358070902361445	-2.26235193252837e-013	0.11270304612058	0.727297227886427	1.86616537911535e-011	4.95622716276237e-005	0.599950531579423	-0.000988609229682442	2.10154103207134	-0.000213522454367881
31651.01492	7460.82952609275	-5.87369763199194e-011	0.00213978303508608	15.0385284085794	379.38573115192	2789.21581104039	316.155180885944	0.000948001907471356	8139.09901194479	-3.39835902234379e-009	0.00236219148402431	16.5666855532404	396.169357892311	3068.14132156934	345.227409479109	0.000361793967216857	2.31451542181273e-012	0.118122546241157	0.72187772772861	-7.0362035732417e-012	4.99479527028819e-005	0.599950145905078	-0.00100452297821384	2.10138912680899	-0.00021540827757271
32296.954	7987.27070255914	-1.54869037707405e-011	0.00225033562989596	15.98265827741	396.890385018849	2995.5876075609	343.091763996606	0.00119545490050257	8081.80612694649	-6.70877019725902e-009	0.00227626655831948	16.1701757938675	399.232662190136	3034.58112149651	345.430718461196	0.000365881272447852	-1.8551450345896e-012	0.123537965998017	0.716462307985831	-2.03189181668125e-011	5.03197054787384e-005	0.599949774203672	-0.00102091954612242	2.1012128026493	-0.000217343756798666
32942.89308	7526.90113670258	-1.35171122466442e-010	0.00203679645441703	14.6918785912931	389.796506363202	2796.76830615381	325.332682467581	0.0011999945036147	7810.07853873131	-9.23142999127662e-009	0.00212542981924938	15.3154572152234	396.950602224996	2912.611339831	345.877479599109	0.000370322777779543	1.24191827992072e-012	0.128949842787134	0.711050431191341	-1.01383878689812e-011	5.06788300503854e-005	0.599949414981519	-0.00103782958295599	2.10101399654053	-0.000219332190534715
33588.83216	7618.90090081877	-1.07297183541058e-010	0.00199851974954393	14.6235239829056	396.77108990186	2823.67763810618	333.203076835787	0.00127051832106722	7834.75269959212	3.66087937571807e-009	0.00206167619279409	15.077500849287	402.228517304229	2911.98556215293	346.544518164464	0.000375113078461019	-1.65608915606591e-012	0.134358628245255	0.70564164578947	4.16902850308467e-011	5.10264679348967e-005	0.599949067341107	-0.00105528478834694	2.1007943075474	-0.000221376923088219
34234.77124	7855.93886401559	4.02161733900642e-011	0.00199832042203609	14.8417918304127	407.60599280595	2909.01595990741	348.378168315625	0.00127959941614101	7713.10587700781	6.72915173089848e-009	0.0019554922124226	14.5314074684094	403.793038451308	2851.14709469609	347.412501976215	0.000380250694076294	-2.33423880932384e-012	0.139764705539601	0.70023556836233	2.4035761637493e-011	5.13636286017581e-005	0.599948730199726	-0.00107331818257266	2.10055505788641	-0.000223481382692959
34880.71032	9364.9855145368	-7.67769010574784e-012	0.00235452500136384	17.6937019150341	452.737085412628	3508.7668310966	424.976588738027	0.00135944193319983	7611.32076981316	9.96602911706353e-009	0.00185562481811352	14.0229475778957	405.8300102186	2798.349159985	348.465202894709	0.000385737559564836	-3.6079423366364e-013	0.145168402384181	0.69483187140759	1.23952612814781e-011	5.16912106691854e-005	0.599948402695129	-0.00109196436040295	2.10029733975759	-0.000225649114441684
35526.6494	7360.96300356159	-2.07912892965595e-011	0.00171655136664588	13.2149645131813	404.176877556386	2684.79276436534	333.303629772874	0.00130827844097295	7582.79042483205	-5.31508980035576e-009	0.00177573488554468	13.657657793305	409.950515737905	2774.91667725524	349.688925523505	0.000391578663106469	-3.18846968950497e-012	0.150570001658446	0.689430272578571	-4.16902827571247e-012	5.20100190303495e-005	0.599948083897073	-0.00111125975149455	2.10002205175481	-0.000227883811326652
36172.58848	7137.22546849763	3.25812340702103e-011	0.00158816517865072	12.467253040965	402.839502352296	2582.65175341446	326.949219189817	0.00130058248547096	7277.10477751213	-2.34506243874291e-009	0.00162805404650879	12.7610905135771	406.395306906529	2639.29800771486	351.072062474655	0.000397781800292181	-9.40009374330779e-013	0.155969748740804	0.684030525510169	-2.04657873108363e-012	5.23207789035895e-005	0.599947773141078	-0.00113124287682892	2.09972992732129	-0.000230189342584929
36818.52756	7393.33245078077	-2.00510660988302e-011	0.00158601349670135	12.6743544803411	415.095679623652	2672.87752390529	344.418209088442	0.00114088893885161	7520.62485342392	-1.06762287775877e-009	0.00161568220719533	12.9088229848647	418.623962811473	2724.20322456125	352.604741880448	0.000404357417248756	1.68446202531805e-012	0.161367858986916	0.678632415264169	-1.03603854421748e-011	5.26241473990433e-005	0.599947469787371	-0.0011519546177732	2.09942155719089	-0.00023256978317294
37464.46664	7513.33234026613	1.87419445174033e-010	0.00154486049711187	12.5895861828318	423.668719483038	2707.64502108215	355.740033802429	0.00135685656237155	7307.12291181613	1.89051649545567e-008	0.00149555698145738	12.1956368837294	417.626240421714	2625.59848368577	354.2785447361	0.000411318526961537	-1.89317617318076e-012	0.166764522153181	0.673235752063132	3.22016296604962e-011	5.29207232608895e-005	0.59994717322553	-0.00117343849568008	2.09909740721519	-0.000235029442551769
38110.40572	7320.15352135345	2.32597434247953e-012	0.00143004810423432	11.908211879852	423.531944355582	2616.74980974303	351.348947965394	0.00139900089676001	7260.34374348363	2.79257101945448e-009	0.00141599777789688	11.7926076039329	421.563193365701	2593.46291293605	356.086278338209	0.000418680687634287	-1.83640625973674e-012	0.172159906768067	0.667840367473145	1.00154532083407e-011	5.32110550348368e-005	0.599946882916916	-0.00119574097825935	2.09875783231893	-0.00023757289520609
38756.3448	6647.50565420062	-1.40875016675513e-011	0.00121453414658584	10.3700891993894	408.81136922003	2336.62673542812	321.718257149235	0.000906123249067675	7428.57290788252	-3.66476431139106e-009	0.00138213320359901	11.7651735876707	432.466214981249	2645.48925690697	358.021791145383	0.000426462034952284	-1.88801110295171e-012	0.177554163596706	0.662446110454301	-4.45954375597355e-012	5.34956477673258e-005	0.599946598337685	-0.00121891179941946	2.09840308754435	-0.000240205012291321
39402.28388	7734.35801778786	-3.72658338811681e-010	0.00138258658467768	11.9996435098741	448.253262879831	2749.96305705099	384.569723164836	0.00142899500309782	7102.13413854636	1.38635661328028e-009	0.00124920409104399	10.8800333513124	427.768581222805	2502.46364402868	360.079820313118	0.000434683363029707	-7.29334080181667e-014	0.182947428885705	0.657052845087472	5.00037444211596e-012	5.37749690442072e-005	0.599946319008944	-0.00124300432714563	2.09803333655882	-0.000242930997064837
40048.22296	6445.02904069436	1.63953966033298e-011	0.00105513249973684	9.44197071166533	413.19784990137	2229.67162856524	321.752108487127	0.000934514466629154	7509.26522271401	6.01031226086398e-009	0.00125923954663935	11.2228596230816	446.508243626722	2647.23451361715	362.255866012481	0.00044336825467118	-1.17875764306642e-012	0.188339826104507	0.651660447916347	4.8324246362288e-012	5.40494540168916e-005	0.599946044537333	-0.00126807594650273	2.09764865820909	-0.000245756420377036
40694.16204	6498.58416415094	-3.01741916317759e-011	0.0010089755027804	9.24658880087113	420.388166825297	2236.26496622118	330.45531957372	0.00131230688019434	6919.9967027843	-1.52393396090007e-009	0.00108838140194965	9.94935580390654	433.603782936707	2400.73086374359	364.546086535936	0.000452543255075796	-2.63068247475155e-012	0.193731468376051	0.646268805869602	-2.56269052573102e-012	5.43195097969343e-005	0.599945774475065	-0.00129418850017836	2.09724905110585	-0.000248687263744022
41340.10112	6670.962395557	-2.20539536946112e-010	0.000983850940970279	9.23536848312245	431.73663437632	2288.02814326925	346.257504567842	0.00119192532174178	6942.2366645799	-7.8232519316943e-009	0.00103110847585246	9.66866945212199	440.468346845579	2393.27901170305	366.947208288804	0.000462238097297867	1.01462783069028e-012	0.199122460092816	0.640877813984021	-5.58282495781782e-012	5.45855193313889e-005	0.599945508473546	-0.00132140877678362	2.09683443686659	-0.000251729963707449
41986.0402	6334.70472810832	1.1186144794621e-012	0.000871198158019077	8.41055131776982	426.409112498128	2142.70194606506	333.544850933908	0.0011068927187924	7037.79836034492	2.24382657270215e-009	0.000986011230993717	9.48829960008905	449.702249934401	2414.18342996261	369.456450601848	0.000472485977234552	-2.66537190241839e-012	0.20451289873044	0.635487375592092	5.70241503214003e-012	5.48478448054762e-005	0.599945246158557	-0.00134980904838988	2.09640466183707	-0.000254891462247239
42631.97928	6221.15714465686	3.0130790842132e-012	0.00080155301937868	7.95477178885532	428.520293326528	2083.37378530748	333.375561196147	0.00122970326109652	6869.0457713997	1.92181594822915e-009	0.000901955179894002	8.92123809539513	450.350787088168	2332.01967437407	372.071458774583	0.000483323883912624	1.87646369312718e-012	0.209902875877159	0.630097398464614	1.50026760937442e-011	5.51068307168557e-005	0.599944987196559	-0.0013794676814805	2.09595949761708	-0.000258179263145496
43277.91836	6574.43078668668	6.02849532898069e-010	0.000804780837043853	8.19667171720072	446.136343902219	2202.25810863565	361.715931771967	0.000857439851423854	6920.70792829798	-3.22859264470831e-009	0.000852821558871431	8.67758667951166	458.995686368216	2333.44812355329	374.790246853059	0.00049479299478892	2.62684343009819e-013	0.215292478520062	0.624707795950523	-3.14724727912675e-012	5.53628066262161e-005	0.599944731223086	-0.00141046983224344	2.0954986401368	-0.000261601496699969
43923.85744	6039.2890641741	2.72789612875632e-012	0.000678935274590722	7.14020745923015	434.288307416456	1981.63908451353	336.027907700127	0.00242890425910241	6061.00042603299	-1.97186034984117e-008	0.000686712526368302	7.19703729689815	433.576444619181	1991.91952786429	377.611143902534	0.000506939139502636	-1.35987358797291e-011	0.220681790280985	0.619318484758839	-1.5549951724251e-012	5.56160896832463e-005	0.599944477911247	-0.00144290822184046	2.09502170775829	-0.000265166990744892
44569.79652	5970.79875972674	-7.44701737323584e-013	0.000625075033825509	6.77671979333094	438.106350918536	1938.829911284	338.908893269523	0.00219681024526627	5836.73723381578	-9.61119064882659e-008	0.000613545487426826	6.62925013307836	431.429039845225	1890.99142388669	380.532745856005	0.000519813347331506	-3.56109286598054e-012	0.226070892592048	0.613929382691185	-6.80269503090788e-013	5.58669869896522e-005	0.599944227029083	-0.00147688402752959	2.09452823791971	-0.0002688853526546
45215.7356	5896.42693684178	1.05390416518203e-011	0.00057311161542154	6.4125853924968	441.816251959767	1893.46361833349	341.585948569674	0.00159669183267622	6374.18501271118	-1.8895685260096e-009	0.000631033383665102	7.03562587399254	459.26467728276	2071.91268349067	383.55386982101	0.000533472489702627	3.0434931400066e-012	0.23145986599182	0.608540409133387	-5.88973884850639e-012	5.61157978177054e-005	0.59994397822125	-0.00151250789459355	2.09401768239402	-0.00027276706259083
45861.67468	5843.05040117746	-2.52872218725321e-011	0.000526120983414653	6.08165705069382	446.545554022994	1855.37283098459	345.749541013483	0.00111099547886692	6583.39960254011	3.18329799511149e-009	0.00060712029014296	6.99073976772338	474.65886845121	2129.54018956963	386.673507412829	0.000547980031887811	1.05867354292558e-012	0.236848789278369	0.603151485696618	1.00216117475666e-011	5.63628156908217e-005	0.599943731195275	-0.00154990109509412	2.09348940119916	-0.000276823580834987
46507.61376	5706.64056339927	5.99134940771045e-011	0.000472996160105174	5.65914658291666	447.91994633746	1786.7037070142	344.665940105533	0.00138918149609698	6459.03185915335	-4.53119918234883e-009	0.00054949705497699	6.54524535448559	477.247124780352	2062.96643787314	389.890777797538	0.000563406921902109	-3.30918600738312e-012	0.242237743370928	0.597762531838344	-4.39423238551949e-012	5.6608330466147e-005	0.599943485689298	-0.00158919687322787	2.09294265465384	-0.000281067471276647
47153.55284	6039.33894659125	-3.73513226769383e-011	0.000468625070752095	5.78999365343855	468.285909013215	1887.8912995782	375.972545278992	0.00137518703657835	6369.79066598026	2.45317775498827e-009	0.000498580375165535	6.15050340345754	481.251695076468	2009.19270684492	393.204876135681	0.000579832634827572	-9.53885063907659e-013	0.247626810835197	0.592373464603061	2.56884142246946e-012	5.68526303792434e-005	0.599943241369825	-0.00163054196649675	2.09237659388443	-0.00028551254142144
47799.49192	5240.93771702585	7.23697622318993e-011	0.000360033814826146	4.64256532415081	443.159901276406	1579.70230445772	328.456593389167	0.00108462902365505	6441.98162566305	-1.16066183259644e-008	0.000463950085965321	5.93625164228183	492.599811451193	2012.1004803869	396.615018939082	0.000597346409117776	1.98347083383186e-012	0.253016077591549	0.586984197983948	-7.23898073917166e-012	5.70960040915427e-005	0.599942997996117	-0.00167409841318266	2.09179024848798	-0.000290174010270033
48445.431	5390.63495338589	-1.85957110746555e-010	0.000341916440962526	4.57104917961552	456.816225806794	1612.9979689292	347.580649546889	0.000879846349591845	6422.23238166642	-7.80447544186388e-009	0.000423182406117876	5.62571660996195	500.58819431661	1980.34485227724	400.120377961264	0.000616048713589346	6.44756653584614e-013	0.258405633201057	0.58159464217068	-2.44888634835502e-012	5.73387428224982e-005	0.599942755238809	-0.00172004561815066	2.09118251205001	-0.000295068700375472
49091.37008	4729.16770695677	6.51477024114321e-010	0.000263549021929476	3.68840080301112	434.532364351796	1360.91983614877	307.368596430768	0.00146077019837312	6094.42925000463	-1.70663033422912e-009	0.000363318113294824	5.02554724862486	494.511612242758	1840.73432794051	403.720001897158	0.000636053001784825	-9.18286464760537e-013	0.263795574221635	0.576204701802855	-6.3492369182759e-012	5.75811425291441e-005	0.599942512870543	-0.00176858280457138	2.09055212427542	-0.000300215263526532
49737.30916	5235.46250587261	-2.94731734869397e-011	0.000273230279667897	3.96159456674954	465.228106111259	1515.88936124074	354.299536155195	0.00497724001067228	3695.94036131557	1.74621688337735e-008	0.000180631495833704	2.63202606699593	395.078572526415	976.876945608495	407.412722168068	0.000657487802289014	7.60874650697264e-012	0.269186003847169	0.57081427145816	4.51817587609654e-013	5.78235063305174e-005	0.59994227053381	-0.00181993184988655	2.08989764907595	-0.000305634448987025
50383.24824	5098.116326408	-1.3148431261476e-011	0.000238722574699869	3.61669172892563	467.014999182481	1446.04650523632	353.15311579222	0.00156656482290078	5817.60454800367	1.38709154931291e-009	0.000282337786178255	4.25191858718892	499.973557817459	1693.41503621517	411.197034342105	0.00068049925679531	7.15465526092797e-012	0.274577036673053	0.565423238147504	5.99529398980212e-012	5.80661470338894e-005	0.599942027907361	-0.00187434069046408	2.08921744788564	-0.000311349419472765
51029.18732	4999.59611875655	-3.35127563166967e-011	0.000209403598384591	3.32027781723749	470.652026542375	1389.37551473553	355.106422119079	0.00202916381112403	5515.31477610226	-1.10588268544123e-009	0.000238424545874988	3.75821570485512	494.664428295968	1564.42295129913	415.070946187932	0.000705254182733033	7.57937046849815e-012	0.279968799138285	0.560031474981702	-3.5080439188363e-012	5.8309390032395e-005	0.599941784657696	-0.00193208732893625	2.08850964686122	-0.000317386130124786
51675.1264	5012.80238988789	-7.80581748547925e-011	0.000188084952882127	3.12399477755523	479.950606782769	1369.46642199785	366.598208722942	0.00149044791329406	5755.07672017284	-5.84442777689354e-009	0.000223934934897072	3.6966066212952	515.715428955335	1618.97272634127	419.031782668079	0.000731943818258353	-5.49169027274438e-012	0.285361434004931	0.554638840786612	-2.64534629722519e-012	5.85535764482302e-005	0.599941540465495	-0.00199348463686598	2.08777209618334	-0.000323773784399293
52321.06548	4807.83779143953	3.65852123693773e-011	0.00015824376359433	2.76675671088268	478.631012726877	1276.69118338229	359.780094721723	0.00179100505694893	5519.30579623537	2.89440521176739e-009	0.000189401001681857	3.28819925267567	514.26521168058	1510.9812390592	423.075930489004	0.000760788438062464	-1.63008171657323e-011	0.290755103214832	0.549245171995711	3.02854762075947e-011	5.87990668135393e-005	0.599941294975232	-0.0020588861629294	2.08700231941997	-0.000330545386439961
52967.00456	4693.42152533532	-1.20027184809595e-011	0.000135367404483787	2.49527581195456	481.810584969835	1213.89255030641	360.654673947275	0.00227896434240438	5250.58734842301	1.21146800213285e-009	0.000157487617929039	2.88217613450697	510.401105979903	1394.30547532817	427.198500030254	0.000792043065759225	-2.87207101484152e-012	0.29614999399018	0.543850281613511	5.07470947452488e-012	5.90462452909405e-005	0.599941047799862	-0.00212869312319088	2.08619744977654	-0.0003377384148817
53612.94364	4385.89172249604	2.97967929837615e-012	0.00010800359330065	2.11178476561282	474.826964471355	1089.70944114021	343.45712290571	0.00228988650202571	5211.06184046131	4.89919034332433e-009	0.000136628301114687	2.64161222534483	518.767731784645	1351.8656483044	431.392871891771	0.000826004648794948	8.90151016468439e-013	0.301546324178196	0.538453951346375	1.4627814649266e-011	5.92955246233141e-005	0.599940798572274	-0.00220336301396488	2.08535414903514	-0.000345395657219917
54258.88272	4511.62859264557	-3.04380691955201e-011	9.77836882703004e-005	2.0205758337775	491.310850536108	1101.9408037967	366.963117487248	0.00467170815279158	3575.75999001203	2.65199867343015e-008	7.40199198887865e-005	1.53553256575115	439.344284030827	804.001589059895	435.650082431281	0.000863021116136963	1.74039596620812e-011	0.30694435272371	0.533055922540761	1.04560081888618e-012	5.95473520720063e-005	0.599940546740702	-0.0022834201801478	2.08446850331186	-0.000353566246046199
54904.8218	3809.46077662993	-9.73990741511409e-011	6.56656779535368e-005	1.46295390144684	461.192115964191	860.195219802953	308.858814643603	-0.000188268550976587	5311.80908428335	-2.65396503483468e-008	0.000104340591183534	2.27783395409748	549.873707673001	1311.43838007383	439.957980842382	0.00090350299233849	2.26225305022005e-012	0.312344388294798	0.527655886800553	-3.0740045848484e-012	5.98022164741002e-005	0.599940291859308	-0.00236946902782158	2.08353588700563	-0.000362306967573974
55550.76088	4951.32010022623	3.25082089586349e-012	8.1857179802432e-005	1.90571492765756	539.06310254082	1170.72644503155	438.97665116787	0.00409392054797267	5043.72174138122	2.68403190806104e-008	8.33760116618502e-005	1.93639161443151	541.901471888404	1206.54588630459	444.300058037013	0.000947938451568375	-1.6801953409539e-012	0.317746806540193	0.52225346860554	1.78800918838235e-012	6.00606571037497e-005	0.599940033393628	-0.002462210673888	2.08255078256632	-0.00037168393287301
56196.69996	3920.88646878381	8.98595037649894e-011	4.93926658924503e-005	1.25356478789613	486.852209094764	839.352426474278	343.423538212271	0.00251539614072739	5262.7117664366	6.30950462983716e-009	7.37265153289044e-005	1.83799467437169	570.313524897381	1229.01367809005	448.653799315042	0.000996913128430739	-6.92511052906472e-013	0.323152069267148	0.516848206920106	1.58771199344191e-012	6.03232744445664e-005	0.599939770806109	-0.00256246416597514	2.08150653704003	-0.000381774738693769
56842.63904	4127.64505929843	-8.30827339884844e-014	4.4228952815728e-005	1.20423584907467	511.756360865581	865.293220766742	379.607325029448	0.0025710771083796	4731.31018881669	-3.57015347566532e-009	5.35792396758287e-005	1.44550753606708	551.299240152455	1033.50714590086	452.98832578728	0.0010511366550479	9.60223120854771e-013	0.328560752273648	0.511439523439325	-1.02992159182085e-011	6.05907440788501e-005	0.599939503350875	-0.00267119403133114	2.08039502705899	-0.00039267131809558
57488.57812	3868.40113315658	1.99044530499707e-011	3.27296830319282e-005	0.971409182635766	506.458716361738	760.832805329309	363.891151058251	0.00262912887955731	4616.46987774216	-1.23382578354278e-009	4.22802883337357e-005	1.23841496345069	557.820924596394	961.421528756484	457.260958939593	0.00111147886697773	1.69510415443973e-013	0.333973588180492	0.506026688882456	-2.50392727192574e-012	6.08638343537654e-005	0.599939230252321	-0.00278954650820901	2.07920618621359	-0.000404483759250021
58134.5172	4380.98099801287	1.34127556007729e-010	3.15557344132784e-005	1.01168775588768	556.356313274072	856.056424513195	441.775286303008	0.00285068092586131	4519.21503214186	7.87495388501155e-009	3.28230571017093e-005	1.0508837874103	565.748840359585	893.824159089845	461.412118457967	0.00117902040107452	-1.20742801010516e-012	0.339391520606966	0.500608756090301	3.95003277926374e-011	6.1143429914463e-005	0.599938950667713	-0.00291889828159549	2.07792731969054	-0.000417345549877623
58780.45628	4269.9472902453	2.09808693617657e-011	2.37737548586729e-005	0.84056939684169	563.581286436153	784.450794922348	446.28432225418	0.00351915088341345	4284.22199527148	5.94246892257895e-009	2.38535670411217e-005	0.842926732022001	564.063577489184	789.811628118079	465.357558553393	0.00125512524158478	-1.14236522941037e-012	0.344815796475992	0.495184481999381	1.85744470012668e-011	6.14305634992065e-005	0.599938663533584	-0.00306092334560322	2.07654207800857	-0.000431420944461913
59426.39536	4126.7983251255	2.54360963880853e-012	1.71484710862774e-005	0.676283376236237	569.012126596173	703.950749843333	446.618365511702	0.00358370281525662	4194.00957973798	3.13071323288563e-009	1.75148323715325e-005	0.689919332267055	573.766388911788	721.588807447287	468.976217418109	0.00134154842542953	-9.69332171183551e-013	0.350248094029755	0.489752183049042	1.67353578048863e-011	6.17264587425849e-005	0.599938367663488	-0.00321768768996633	2.07502886032908	-0.000446915673548565
60072.33444	3696.41964018834	-3.71701929609531e-011	1.05131843642827e-005	0.472479154705559	550.993837070911	560.590489363354	405.520841564335	0.00519655502477702	3955.62992215301	1.28459644229814e-008	1.17850660509407e-005	0.524333385158912	571.025069416024	620.625650666052	472.090554362164	0.00144060191664608	-2.74755930302998e-012	0.355690744307204	0.484309534018358	5.40198397181971e-012	6.20325971738261e-005	0.599938061545779	-0.00339178717534837	2.07335821159	-0.000464093038858109
60718.27352	3217.47918037071	-6.94976950621498e-011	5.71968373339526e-006	0.300302921573964	526.347266772408	416.43618957954	352.076394538545	0.0147336197928156	2746.17083945343	3.94166832161004e-008	4.79394684717005e-006	0.248041535932755	479.982186127008	323.172346124013	474.433365622011	0.00155542376194183	1.07269918466685e-011	0.361147083662801	0.478853195197994	1.00030204797272e-012	6.23508091155926e-005	0.599937743343399	-0.00358655688109779	2.07148833566152	-0.000483299250232761
61364.2126	3073.51875949337	-1.66901530305259e-011	3.39899215654432e-006	0.210877770067384	529.984296153705	345.661042319954	345.287217994109	0.00291977505634614	3988.07888331292	3.39746533408553e-009	5.33228315143861e-006	0.320087204915298	615.860264236322	515.52219707666	475.5887517794	0.00169044268119447	6.15879105686467e-012	0.366622099238773	0.473378180792908	8.53492612799946e-012	6.26834325654974e-005	0.599937410687725	-0.00380640534047295	2.06935678476642	-0.000505005694558274
62010.15168	2837.16211009074	-5.97191199699229e-011	1.68974412943152e-006	0.129157967988917	524.838062709006	260.941030249378	321.020744129397	0.00967099673657186	3123.19980944997	1.35565996401983e-008	2.20592711881623e-006	0.162127283557237	551.374482988791	306.956110432289	474.879564966871	0.00185225042815509	1.10031136529518e-012	0.372123653284077	0.46787662673312	2.88128349999137e-012	6.30335878941598e-005	0.599937060568917	-0.00405738152152805	2.06686359254026	-0.00052988471392829
62656.09076	2922.48086385271	-8.39631366447659e-011	9.24329223460089e-007	0.0889215466280946	553.791995524871	226.214770449782	350.234367065997	-0.00860338630967302	4788.70401632148	-2.04398277043084e-008	2.05893460377633e-006	0.189177589526584	759.45450676246	492.232047969059	471.131470385464	0.00205144212171388	-4.2819006495842e-013	0.37766510707462	0.462335173159723	-7.67019867412992e-013	6.34056332691918e-005	0.599936688539805	-0.00434822205897304	2.06383250053281	-0.000558959964908274
63302.02984	3425.9149652781	3.45918117626953e-011	5.22020143872846e-007	0.0668462287539928	637.921137224399	225.180670871117	461.46761257674	0.00545160920493485	3421.30169682306	-5.0867060741598e-010	5.15404724477203e-007	0.0660211066171863	635.682612372874	230.249537658238	462.104283612988	0.00230721195737477	8.71602581762312e-014	0.383271802332742	0.45672847765818	3.47237261043655e-012	6.38063741849997e-005	0.599936287796849	-0.00469252806668918	2.05990435698021	-0.000593950245153691
63947.96892	2717.8619308234	8.26958939275293e-011	7.25762967701927e-008	0.0159121555554989	583.898649892983	92.7612194133663	331.464673362348	0.00800167368539621	3095.53275602367	-7.71604237687435e-010	1.05775433186838e-007	0.0221748470559829	629.049605661697	125.640743539209	442.766683665	0.00266250141570119	1.42419079560884e-012	0.389001399050073	0.450998880350427	-9.31850676791109e-013	6.42482237933686e-005	0.599935845943312	-0.00511438693728336	2.05414745732226	-0.000638255043663977
64593.908	2476.4310531475	8.08342605404852e-011	2.55941652556016e-009	0.00150756292472487	589.726123657121	25.5249379487	268.551882361516	0.0102391533989277	2822.51044649024	-5.8786907630267e-010	4.36923628340042e-009	0.00251278410223912	634.016661672807	39.3474829878111	396.862140469702	0.00326990169435733	3.16738461156466e-013	0.39504257044162	0.444957708965459	-8.06997534675227e-014	6.47633551833877e-005	0.59993533081099	-0.00567668032069104	2.04261864491362	-0.000701201935309736
