0	1001.04410334911	18.9998626634549	0.178142761400065	0.324002644001323	0.000100002246180243	0.0199851822647385	4.90440279500135e-007	1.14016841026728e-012	1001.04539459862	18.9999999875253	0.17800005048432	0.324000076773975	0.00010000224846599	0.0200000006731036	5.22899735889767e-007	8.84466847097392e-010	0.239999999999292	9.9999999040366e-008	0.600000000000707	9.99999999999998e-013	9.9999999040366e-008	0.6	-0.000528718216113788	2.47524941200011	-0.000226594410952723
645.96811	1315.06898953312	18.1541033743761	71.2009629638829	109.747126424843	0.725275078513996	4.46406391155167	0.000111073230993209	2.68385245097714e-011	1683.24639251054	17.8179016669773	100.857059438015	156.909270722144	0.971097016648756	6.01240420020804	0.000151160612091104	8.6571513507098e-006	0.224856786965771	9.83101071419154e-008	0.615143236472456	9.02053567750467e-013	9.51987268262988e-008	0.600000002543734	-0.00640103283653046	2.39540164292597	-0.00119968700832752
1291.93622	1671.46906983985	18.093205737831	141.40714161796	217.503471456428	2.87385153691718	8.82850534424946	0.000219186599518933	4.90687654230547e-011	2066.60381618237	17.880876786685	187.043203744025	288.983080013908	3.60513771396408	11.4386653661422	0.000285352812760815	8.4499866964125e-006	0.209637822115749	9.72806197686004e-008	0.630362221116468	8.23555758907824e-013	9.60712847927609e-008	0.600000008242223	-0.00485168854580643	2.38818685461784	-0.000922409963174504
1937.90433	2017.54549386306	18.0228732575805	209.842751258633	322.588551853634	6.40430482348256	13.0867224261989	0.000324720167132663	7.0400841197688e-011	2418.88106895851	17.856897903802	263.359181620133	406.018517430522	7.6352910097566	16.2151874500223	0.000403571154328729	8.1244881995409e-006	0.194427824438383	9.5590745472179e-008	0.645572210589951	7.52497805171552e-013	9.45778262907079e-008	0.600000009891774	-0.0038827272455971	2.38408706650188	-0.000762070789870084
2583.87244	2351.25495688058	17.9407528981494	275.82834763836	424.08170220572	11.2448944744607	17.2063163235661	0.000426990921836472	9.08834718998783e-011	2753.43066626424	17.7997818602952	333.812217972193	514.285793567953	12.9739404919488	20.6320634178549	0.000513112658649067	7.94111231308579e-006	0.179227871910808	9.24949644808328e-008	0.660772180692199	6.85257940340889e-013	9.4696852398936e-008	0.600000010155941	-0.00324337685595198	2.38119552587529	-0.000655297961597219
3229.84055	2672.77814470926	17.8436241184572	339.208335094945	521.841867818193	17.3256637491634	21.1855439241873	0.000526054199048946	1.10606153131209e-010	3073.4144271375	17.7188864593907	399.862443559814	616.112302192565	19.5540410487414	24.7944464838722	0.000616668014161999	7.7870484986211e-006	0.164039459841469	8.833548884763e-008	0.675960555344748	6.20577473495914e-013	9.47745839672759e-008	0.600000011892769	-0.00279072295715493	2.37895456117598	-0.00057851319726665
3875.80866	2982.60593207195	17.7269839731413	399.964396648926	615.950759263453	24.5820450813411	25.0322195112643	0.00062221655950705	1.29983656554346e-010	3380.46620350536	17.61413577873	462.226638933371	712.70428108676	27.3122188681427	28.7581157134997	0.000715726052916008	7.53289430877353e-006	0.148864574521723	8.95588948735611e-008	0.691135403422863	5.5785187709832e-013	9.23280064276594e-008	0.600000013347969	-0.00245337994123834	2.37711925631916	-0.000520429864041718
4521.77677	3281.30231299621	17.5843485294924	458.115287079767	706.581611973196	32.9547013218499	28.7593379025272	0.00071595110863248	1.48354002165244e-010	3675.7083157258	17.481051383514	521.308443792759	804.828042225649	36.1889630866065	32.5612459141342	0.000811380959774582	7.41274075209171e-006	0.133705996728692	7.97885487579789e-008	0.706294027287336	4.96737394425375e-013	9.2300460528967e-008	0.600000015407842	-0.00219224316279064	2.37555713061389	-0.000474866981735808
5167.74488	3569.4452396943	17.4060425175777	513.673321188536	793.962159317094	42.3893758122925	32.3848456584934	0.000807925213060454	1.66729795922717e-010	3960.02066450097	17.3110422053895	577.338424060961	893.054942865467	46.1293439114071	36.2364264577725	0.00090466982236177	6.9276968731772e-006	0.118567838922645	7.71128490023265e-008	0.72143214971917	4.37017755409704e-013	8.57413937781392e-008	0.600000016401614	-0.00198410479534177	2.37418518542466	-0.000438125166129406
5813.71299	3847.61000574523	17.1769955044472	566.610601997017	878.374285887432	52.8370876177955	35.9338653366114	0.00089911475450182	1.85527497124975e-010	4234.15139734048	17.0897389629275	630.417460594861	977.881699460809	57.0835905075337	39.8180638718729	0.000996802972403112	6.46579560216008e-006	0.103456530738033	8.38231295046472e-008	0.73654340681805	3.78550065099016e-013	8.11338975924008e-008	0.600000017730677	-0.00181430867721654	2.3729436328425	-0.000407843172486809
6459.6811	4116.37199980999	16.8724685108423	616.81242720262	960.183781006562	64.2548865981887	39.4443812130648	0.00099106573485437	2.04273004994301e-010	4498.77725700276	16.7929760143875	680.505169300754	1059.81943806877	69.0079910388251	43.3505836979539	0.00108950476929273	6.3225674635006e-006	0.0883827703190923	8.23376731663689e-008	0.751617212983388	3.21243343916082e-013	8.006936630825e-008	0.600000019372347	-0.00167313067565822	2.37178123698699	-0.000382437450660038
7105.64921	4376.32888716206	16.449119738988	663.985896321074	1039.92094008935	76.6077306071632	42.9804939541949	0.00108649759845332	2.30705277867344e-010	4754.53128383474	16.3780503103328	727.338881219317	1139.50272869716	81.8665584292024	46.9028284430069	0.0011856392653575	6.17231477652776e-006	0.0733657640878037	7.94492063422525e-008	0.766634194168292	2.65017075540561e-013	7.87023993714246e-008	0.600000020745174	-0.001553846632648	2.37064235873473	-0.000360802411840469
7751.61732	4628.16089911142	15.8245917624911	707.441444020426	1118.48596783501	89.8730431802204	46.6659606953884	0.00119084714938017	-9.43887637417977e-008	4941.72238087653	15.762143677622	759.959091014334	1201.78710965557	94.8659706404243	49.9940002138322	0.00129077699933538	6.01014013300426e-006	0.0584435013965332	7.8032530764006e-008	0.78155637720739	-1.18709374862885e-010	7.71686735848003e-008	0.600000022341317	-0.00145162027439677	2.36944643267918	-0.000342138146511735
8397.58543	4872.8001404479	14.8260903232855	745.477630416394	1197.73151132285	104.052746263721	50.782476096539	0.00131690480401264	-3.45104481224497e-008	5198.35991130052	14.7772756526997	799.899193701821	1285.17447010999	109.714368423623	54.2782151812274	0.00141777506873594	5.86061379982981e-006	0.0437010498474993	7.66497915292391e-008	0.796298731881464	-1.4329379203164e-009	7.58119237111285e-008	0.600000023554942	-0.00136278612144286	2.36803750900137	-0.000325843488766341
9043.55354	5111.98481234421	13.052123011938	773.308217100378	1282.40575250686	119.210116609091	56.1212642778774	0.00150215856293097	-7.25232645094788e-008	5473.75151581295	13.0269175551369	833.178111764336	1381.05714158853	125.93223411441	60.0369038650651	0.00160361405994634	5.71761502072533e-006	0.0293625396085818	7.52914433961811e-008	0.810637218145067	-1.05088355573193e-009	7.44797431006457e-008	0.600000024553888	-0.00128421487976793	2.36602054363428	-0.000311442080977201
9689.52165	5350.32765409167	9.58687719316844	774.869370950454	1387.5928595134	135.602555710464	65.5727533255495	0.0018952744365444	-2.25651860325749e-008	5926.42871375865	9.63227606389565	867.705029669621	1549.21556614585	146.464017062877	71.3969697031751	0.00199163778990191	5.58214017377514e-006	0.0161294242456773	7.39571673728628e-008	0.82387035575312	-8.2383999476772e-010	7.31716665379573e-008	0.600000026504677	-0.00121234350655893	2.36212259219783	-0.000298550394268452
10335.48976	5601.18237010177	3.93393735650885	697.37634701834	1558.72307352705	154.117084605094	91.9378711972026	0.00331672599169806	3.29447740275753e-008	5863.58178705174	3.9583497130685	734.569148433146	1637.16686529864	160.168893009726	94.7270521503892	0.00335851367865587	5.45735258655846e-006	0.00609793531686747	7.26465371570622e-008	0.833901810297388	9.80844570190135e-010	7.1887272270699e-008	0.600000022595996	-0.00114414092857974	2.3521612247054	-0.000287271727778534
10981.45787	5880.49074863485	0.526623710401772	490.972374646528	1810.9779691767	176.3717742469	176.274050421846	0.0104942677130943	-1.28759250675398e-008	6139.71105692498	0.532903979045076	517.310612010643	1898.70916321854	182.81481837668	179.377682060849	0.0102166266343903	5.34903656932303e-006	0.00154564957470243	7.13591357159287e-008	0.838454097693579	1.68762803739573e-009	7.0626224799022e-008	0.600000027520363	-0.0010919865129086	2.3309944814543	-0.000279303101477243
11627.42598	6178.38591716118	0.0369878547987777	274.968157197695	1967.9847463291	202.188932940043	371.688761183927	0.0429356079446457	8.89471871158601e-009	6455.58304437621	0.0375130637019484	290.933219340091	2070.13563462894	209.616965710124	378.818700267558	0.0416547142645151	5.26302171446326e-006	0.000342928780224666	7.00945657745531e-008	0.839656783568981	8.58499648243966e-010	6.93882387391152e-008	0.600000029431322	-0.00106299817434432	2.30442520261647	-0.000274532368243141
12273.39409	6481.48089356086	0.00295888665218157	143.190825148364	1925.96761052372	228.968419727047	683.601069809529	0.148397936285553	1.55504808902511e-008	6766.5954239005	0.00299844664353811	151.607408918556	2028.23213297973	237.125678778849	701.707261970435	0.146061828780846	5.23178911246629e-006	7.50305927807549e-005	6.8852499812333e-008	0.839924638563434	2.65940921009041e-010	6.81730354597871e-008	0.600000030963901	-0.0010350034768336	2.2804310167176	-0.000268520798568213
12919.3622	6785.55360397341	0.0003397557653625	75.7434042986437	1749.63190042341	254.229305982673	1066.52297345668	0.39761026881434	1.85883418207265e-007	7093.41017510674	0.000344203944826788	80.427715450159	1848.20243456523	263.263177155072	1102.52326164175	0.396401498586395	5.3489672503864e-006	1.63991344476093e-005	6.76328137047845e-008	0.839983276108548	1.18129517015127e-010	6.69805057288956e-008	0.600000032404907	-0.00099979962259923	2.26086972128722	-0.000259900292540298
13565.33031	7089.74974063399	5.02751046069254e-005	40.5199742726848	1508.92717014552	276.612478332109	1482.82578188311	0.891185884975576	9.86567370838163e-007	7429.3932193634	5.12251119364786e-005	43.4223577158865	1605.55370988235	287.124344781692	1536.54709180297	0.894772717691888	5.80931484682435e-006	3.5841377161544e-006	6.64358499375217e-008	0.839996123684717	2.09717253680585e-010	6.58110194876591e-008	0.600000033098257	-0.00096219098635554	2.24441451297777	-0.000250328658682713
14211.29842	7393.95118719522	8.19869055853019e-006	21.1305270610482	1238.1924133968	295.486603625572	1914.6504031157	1.81066201003582	2.14479430696597e-006	7799.0774799915	8.35036107227503e-006	22.9282661828608	1331.86850723735	307.823884198251	2002.45733129311	1.82237696267325	7.04195652793445e-006	7.83298392047795e-007	6.52630131160009e-008	0.83999893596077	-5.75732327792605e-011	6.4666054139964e-008	0.600000035342448	-0.000925227254289111	2.22953011163036	-0.000240809538376982
14857.26653	7698.08937282652	1.26002921762799e-006	10.1830940708353	952.991893399444	310.553383066781	2353.54578337863	3.55456704619026	6.60946941693948e-006	7878.89789392523	1.29111030960334e-006	10.6100761476393	987.052968506245	316.880530892207	2400.31594079277	3.57215686671835	1.01617519365476e-005	1.7134937748442e-007	6.41184269627182e-008	0.839999557361762	6.76646680216395e-012	6.35498956333091e-008	0.600000036279839	-0.000889843381965186	2.2148941436474	-0.000231677602028508
15503.23464	8002.38246851825	1.47450787571843e-007	4.13522975350831	661.660997064582	321.681364961481	2793.7973393134	7.21356959198446	1.43945492035448e-005	8250.26324583506	1.2949597482485e-007	4.32828705351209	689.064188701019	328.622767219915	2879.61626382647	7.2012765441273	1.88413454773498e-005	3.74973112572031e-008	6.30146784489507e-008	0.839999694498248	-1.7645600594849e-010	6.2475419924095e-008	0.600000037283191	-0.00085597031610964	2.1989552349613	-0.00022297010689192
16149.20275	8306.98819715916	8.32029116055376e-009	1.1334472319341	372.183654616708	328.839278401892	3225.06706768075	17.0855113882657	4.76976510220063e-005	8413.01392417762	-3.8956189341198e-008	1.14732282277662	376.878688747209	331.491993678025	3269.27262201278	16.750014673244	5.13869634910515e-005	8.07465538180146e-009	6.2001583276562e-008	0.839999724295559	-9.88473896271561e-011	6.14921572391384e-008	0.600000037445382	-0.000822193171900038	2.17868731879624	-0.000214370728338264
16795.17086	8610.17919722483	6.22181140737167e-011	0.10406978706666	118.828206628526	332.184351429835	3580.50953237696	65.8968335243009	0.000346475339994349	8743.48382364781	-1.42102364042511e-008	0.106163148074348	121.019765739182	335.297159390561	3639.78326896594	61.6395303904869	0.000319420428466916	1.76264582265097e-009	6.14700980170602e-008	0.839999731392496	-2.7202620801631e-011	6.09657329238094e-008	0.600000037946379	-0.000776932177890363	2.14538919107306	-0.000202487030080471
17441.13897	8914.4635528417	2.63570174921004e-012	0.00592550591045624	28.4668830067306	333.125974702814	3609.04469809377	279.382425102382	0.00303769460617599	9106.57613328609	-1.82686563498058e-009	0.00615166355526536	29.3572029639861	337.342673062232	3700.40349295453	271.051506020704	0.00287966753465579	3.78979836935883e-010	6.6635305847084e-008	0.839999727455795	-7.51170646470494e-012	6.58822025249174e-008	0.600000033028792	-0.000722250670574481	2.10844848750662	-0.000187996757835763
18087.10708	9218.68835049367	2.55414993837947e-012	0.00130131171604309	13.1163003289901	333.443179639568	3488.82197030998	566.856228757667	0.00896193152538874	9431.34927700116	-5.0032768107187e-010	0.00134847967415091	13.5265351842006	337.826735770967	3585.64226206111	567.672741770096	0.00873971415226643	8.28966501730392e-011	1.0150352570258e-007	0.839999692929631	-1.76026729611511e-012	1.00979764881243e-007	0.599999997925784	-0.000694457118500653	2.08988491294485	-0.000180785195367288
18733.07519	9513.00692068291	6.86921697622293e-012	0.000494349070729872	7.9154616224232	333.429602047886	3344.66438949328	863.539459698301	0.0169153932077805	9622.29382657901	-2.97095648989173e-010	0.000502849843696355	8.03523947216681	335.611594311688	3389.70282690757	875.599093702753	0.0161606289667419	2.08694004904215e-011	2.83207765557662e-007	0.839999511332162	-2.19328193966272e-013	2.83732025471538e-007	0.599999815180722	-0.000671586931391478	2.07855372305906	-0.000174814268542097
19379.0433	9823.30511797466	-4.88822727434702e-011	0.000238864105644802	5.38350655469232	333.688845521341	3202.25965121237	1163.30034997483	0.0289354462110722	10435.1530142432	-1.28960929620872e-010	0.000259302831867782	5.80445392319038	345.216757490917	3445.11337757349	1185.83121352925	0.0193296853125426	3.64210955878274e-012	1.88706988197368e-006	0.839997907460386	4.33691964815526e-014	1.48462886854964e-006	0.599998614288623	-0.000650618283415615	2.07035498476167	-0.000169340542207481
20025.01141	10015.9899220946	1.09476056106313e-010	0.000129279035409323	3.84511030884595	331.814807309652	3017.41353032141	1449.06516314175	-0.0480199759557617	-11229.1513902598	-3.95359862239193e-009	-0.000284830175789313	-7.14941680543104	-70.3070959531574	-5610.42730461911	1494.95636505074	0.011765143548485	-2.08175834644929e-012	3.99823882588506e-005	0.8399598121231	-1.21141510487434e-015	7.99761765224161e-006	0.599992101297249	-0.000630963082233703	2.06390400650499	-0.000164259986340495
20670.97952	10198.2991262878	-5.65000528176292e-011	9.54634582781318e-005	3.25945386652737	333.510809354577	2936.83574028583	1618.81963462994	0.0186172484168945	10935.5123685698	1.93201306200253e-009	0.000101926427244318	3.48839539413533	345.093465410612	3152.41709942212	1697.35733710144	0.00315887573968977	-1.91537939099385e-012	0.00242475458132191	0.8375750399774	1.11003802383002e-012	2.69108402225267e-005	0.599973188079966	-0.000614112119005431	2.06073739032037	-0.000161111938916404
21316.94763	9336.16056014084	5.84951395114568e-011	0.000262498954702669	5.52874490638114	336.835090157075	3073.22603761812	1044.80461818056	0.0134193171895219	9919.53978513436	-3.19266687655228e-010	0.000275298228592693	5.83195260601867	345.50808950882	3251.7027773672	1168.73106493765	0.000784825779077576	-1.19472231648991e-012	0.0179935900757178	0.822006204432652	-1.14275437218983e-012	3.78920257533007e-005	0.599962206892443	-0.000760407872696665	2.07219312283677	-0.000171146963915059
21962.91574	8812.66335711146	5.64907684741278e-011	0.000788058719145324	9.77941228883954	341.959143006342	3202.68758029078	640.632731842809	0.00406529303925607	9621.30896391775	1.1058964834343e-011	0.000848539484880114	10.5990486635791	355.279071610515	3485.87462611156	709.937895571927	0.000480753566623098	-2.42953882003543e-012	0.0309545653968086	0.809045228998972	3.7480039914599e-013	4.13359342154082e-005	0.599958762979316	-0.000796206378754299	2.08528992623074	-0.000182210927262578
22608.88385	8810.88135237704	2.79743781044627e-011	0.00156437739319176	14.0710393294611	350.115063701275	3339.94074997692	484.588248871996	0.00307192562646939	9304.67057152066	-2.71069257315568e-010	0.00163674688859147	14.7897396884954	358.94455040036	3526.70352733654	513.162716082925	0.000399155605840227	-3.62043049398741e-012	0.0395355711168516	0.800464223607523	-6.89875459589439e-014	4.30408436300053e-005	0.599957058070418	-0.000810937826000464	2.09337127567793	-0.000188523423138829
23254.85196	8954.64618866429	-6.27743749700729e-011	0.00222955057057403	17.0800259122127	358.562541649362	3452.82380392904	426.688767202572	0.00263088918494101	8927.44836139783	4.10181478664881e-009	0.00221388232801286	16.9825623079436	357.901816492052	3439.03185418355	432.520517929905	0.000369439797663422	-1.55879825446793e-012	0.0462567357258075	0.793743058916164	2.39445015824636e-011	4.41849063850536e-005	0.59995591400196	-0.000823814020133493	2.09749620558513	-0.000192123546524854
23900.82007	8775.77878637456	2.50294897689765e-011	0.00255133195681035	18.1255694774844	359.766735041107	3398.09153264014	389.411435588634	0.0020041637251816	9047.07536185873	3.93955425935172e-009	0.00262074394531958	18.6555466811143	365.085142947721	3508.35988910179	397.137489919974	0.000356340766030454	-8.26060650899494e-013	0.0522527282043397	0.78774706640043	8.10431319565331e-012	4.5094626295911e-005	0.599955004292811	-0.000836468691973136	2.09949167760926	-0.000194517252433342
24546.78818	8382.60304451953	-1.33133236686832e-010	0.002601708121288	17.8703978683367	355.819325206735	3239.32232660034	358.92685982026	0.00163609960922157	8809.40532196269	-1.8160338172865e-009	0.00274628500307157	18.8525102607142	364.600422338212	3417.04760104562	379.541110854022	0.000349652462344439	8.76995586445284e-012	0.0579616862174937	0.782038107870036	-9.9110160562058e-012	4.58806998303942e-005	0.599954218230843	-0.00084914898310568	2.10050223619488	-0.000196419604684563
25192.75629	8241.22942089275	9.95091267530922e-012	0.00264286266718802	17.846032052485	356.730161018338	3180.08039448405	346.38016271868	0.00242803376637061	8544.34549825003	-1.00677550646485e-008	0.00275547632172459	18.5806450564955	363.019178247017	3306.86308925476	369.346943975894	0.000345983663593121	4.0607383969239e-012	0.0635499939393498	0.776449799959588	-3.89407459959581e-012	4.65870290840262e-005	0.599953511914348	-0.000861933996639144	2.10106599404005	-0.000198133970943136
25838.7244	6327.88605219539	8.33621160737969e-010	0.00202486590435721	13.5024198456763	321.456846940669	2378.56803892131	255.903060543022	0.00189658414260553	8543.66150981805	3.5947795727384e-009	0.00280156322974865	18.7233509537019	366.990664516925	3303.65649029637	362.592848332557	0.000344063257386381	8.04737993980539e-014	0.0690814163596666	0.770918377373239	1.85029574293785e-011	4.7234366864844e-005	0.599952864610193	-0.000874870652699187	2.10140979623518	-0.000199783668765014
26484.69251	8146.68727097695	-2.66937442504506e-011	0.00267402451730861	17.8184925735809	362.583449000294	3133.47248048348	336.786982996297	0.00148495561067373	8681.55477533324	2.79793457651019e-009	0.0028669800917534	19.0856165311197	374.084884152168	3356.58599306411	357.709819081913	0.000343336026281075	3.36732683794187e-012	0.0745814019877667	0.765418391442281	8.13372905601091e-012	4.78345339335743e-005	0.599952264450559	-0.000887999942319986	2.10162786744915	-0.000201419277763747
27130.66062	8176.83723724665	-9.17546484250582e-011	0.00268417463231558	17.8727361275394	367.197744768814	3140.65918312096	337.293295268597	-0.000775119975425395	8270.98623240873	3.7768787652933e-008	0.00272667233777645	18.1550295333869	370.068509097761	3179.21501643919	354.023812512395	0.000343513502238753	-5.18029852520328e-012	0.0800610576442146	0.759938736140355	2.04022263362182e-013	4.83953840864453e-005	0.599951703596158	-0.000901360818017007	2.10176172147584	-0.000203063084318086
27776.62873	7956.06725211484	1.23379325722376e-010	0.00258149763127372	17.2521415817157	366.116517387925	3042.43844176561	327.957157088354	0.0015275095273458	8423.72851827444	-9.34902620561912e-010	0.00275588833717751	18.3798051220006	376.572991066152	3237.30803198506	351.204763638901	0.0003444217114071	2.5452894980213e-012	0.0855259549416516	0.754473838787086	-4.92292829633166e-012	4.89226872638595e-005	0.599951176262765	-0.000914989903447605	2.10183203758208	-0.000204726422041508
28422.59684	8072.9577776045	-9.52619325120291e-010	0.00260495206199524	17.4473044043553	373.104150750978	3084.25997825673	333.153014805148	0.00148939573936146	8357.3910402601	-3.64698541125689e-009	0.00270275374933078	18.1051209710801	379.280644789517	3202.57778870627	349.064083057603	0.00034594481309326	-1.29957069574241e-012	0.090979363976258	0.749020430015692	-2.86947020059513e-011	4.94209362063071e-005	0.599950677988286	-0.00092892135090989	2.10185082843288	-0.000206416251756132
29068.56495	7924.28690956505	-3.4363540506134e-011	0.00250916402662405	16.9311166777358	373.60565725209	3015.01092877927	328.119497908009	0.00113782674906844	8518.60300713464	4.84108217665756e-009	0.00271744263094613	18.3147837716681	387.357693209646	3261.62603795385	347.478501437571	0.000348001290691207	7.0385267669802e-012	0.0964234714791483	0.743576322325429	9.41871008535767e-012	4.98937495896641e-005	0.599950205152643	-0.000943187217087223	2.10182608788149	-0.000208137662040751
29714.53306	5361.14179345126	-8.39588515520448e-010	0.00152690424200157	10.619726943899	316.662870452345	1945.383195831	218.361668792803	0.0015361646152493	8192.66332415738	3.59965837859493e-009	0.00255851592762115	17.3821032254923	383.891978515456	3118.36786446628	346.359644875663	0.000350532193843663	2.51035752351979e-013	0.101859873142187	0.738139921033957	1.57621169568425e-011	5.03441059153544e-005	0.599949754830587	-0.000957818059543801	2.10176364982209	-0.000209894855896282
30360.50117	7946.85168876317	-1.28696089463383e-010	0.00242226917020429	16.615099914788	382.580204192374	3007.79379271033	332.717097489432	0.00174003838205005	7412.21771451103	5.47264759684195e-009	0.00224771541175609	15.423238616662	369.226309850987	2787.29599842723	345.640527428302	0.000353494461634183	2.61721999535912e-012	0.107289794310483	0.732709999621195	1.49720902037553e-012	5.07744955755094e-005	0.599949324445841	-0.00097284353693536	2.10166800751343	-0.000211691575304717
31006.46928	7745.94026189936	3.56018714370188e-011	0.00229456869225346	15.9229432675964	381.951502596257	2915.86290210097	326.340164250573	0.00104760444897773	8030.8663338711	5.45727768897551e-010	0.00239236600828675	16.5836750087519	388.909642170013	3033.27234584701	345.268674086717	0.000356856729396103	-3.89028636985829e-012	0.112714206826225	0.727285587377232	3.53172693529335e-012	5.11870269516733e-005	0.599948911892701	-0.000988292934610552	2.10154272758229	-0.000213531308744003
31652.43739	7673.51434093973	-3.72290806810199e-011	0.00221112549405971	15.5250020534704	384.510626936089	2876.76617039549	325.740678112508	0.00125955716191701	8034.2232765515	9.65025539875862e-009	0.00232948024314326	16.3370955444705	393.358175987995	3025.20539874679	345.202111331776	0.000360596533313138	-4.75550620257137e-012	0.118133896701846	0.721865897851554	7.45809729933295e-012	5.15835040790124e-005	0.599948515397105	-0.00100419561066878	2.10139069122654	-0.000215417410464348
32298.4055	7061.14890670656	-1.52049957474655e-010	0.00195007785345066	13.9020901191554	373.636226690485	2615.88479248122	300.739120851039	0.00111262496013654	8073.29902307974	8.6433272015035e-010	0.00227403812008891	16.1548305574238	398.98330453689	3031.01858664922	345.406775146179	0.000364698374654093	-6.58090625739481e-013	0.123549509472337	0.716450285253963	4.68523778699284e-012	5.19654850993023e-005	0.599948133431092	-0.00102058136978624	2.10121425119322	-0.000217353178501116
32944.37361	7414.87660447797	7.35973221025323e-012	0.00200196392563862	14.4455087821725	386.913644779158	2750.95918358187	320.105293029103	0.00118377354579634	7933.49045994257	1.84803308934897e-009	0.00216184094239719	15.5737513708861	399.953735670087	2963.34723433681	345.854711250541	0.000369152348397628	-1.62007151794477e-012	0.128961582077341	0.711038212692717	1.30206099535144e-011	5.23343270688014e-005	0.599947764559859	-0.00103748078637977	2.10101534203045	-0.000219341911946866
33590.34172	8207.41187887935	2.29357141214531e-010	0.0021787289660197	15.9048264068716	411.986205405382	3063.54907685172	360.657370520913	-0.00025672546149182	8600.16835184735	2.33098735109572e-008	0.00228194119391844	16.690042948877	423.428596834665	3222.21650121255	346.522773172481	0.000373953161846432	8.50125137395956e-013	0.134370565470586	0.705629228871474	1.11831072985332e-012	5.26912210064014e-005	0.599947407652228	-0.00105492549616406	2.10079556085266	-0.000221386956065294
34236.30983	8253.99227376419	-5.68907367383752e-010	0.00211951777086289	15.7013800404897	418.425148861004	3070.70586812425	366.638298306398	0.000615607183622958	8271.8723457542	5.17810718582836e-009	0.00210994148458392	15.6720303844563	418.918296917892	3078.06193747882	347.391650824599	0.000379099427042058	-5.59685291905081e-013	0.139776842614404	0.70022295169815	2.12536448517926e-012	5.30372196135734e-005	0.599947061632898	-0.00107294846035221	2.1005562283493	-0.000223491739745127
34882.27794	7502.1616132828	-4.26647894508031e-011	0.00182488915516407	13.7995088784058	402.961459789853	2753.81460191458	335.789346395543	9.4796163479262e-005	8687.45386238339	3.19797445867517e-008	0.00214169963793215	16.1663411651641	435.194391407323	3234.67302231384	348.445133545118	0.000384593153284305	9.65127846497006e-013	0.145180740655893	0.694819053382271	1.22664032291503e-012	5.33732594954242e-005	0.59994672559122	-0.00109158422814567	2.10029843544973	-0.000225659809366918
35528.24605	6852.79729861926	-1.15633845217532e-010	0.00157686469942568	12.1722943546921	390.147998413284	2479.74176430567	308.692793404765	0.00197628777966267	7033.79303109752	-1.54634853486282e-008	0.00163557221296977	12.5890001210835	394.555992832657	2553.08178005761	349.669541144627	0.000390439387298636	-2.39642877969503e-012	0.150582542133186	0.689417251793561	-4.54879786035587e-012	5.37001791065327e-005	0.599946398663729	-0.00111086918382422	2.10002307965893	-0.000227894858516759
36174.21416	7497.38006277927	6.40755823220552e-011	0.00168608798130811	13.2009195241529	413.260124070729	2727.02071863882	344.370593765589	0.001611121163929	7313.31286156404	1.72823068328071e-008	0.00163712747704325	12.8326110513446	407.397414250042	2653.72528808319	351.053278274693	0.000396645968803507	7.35308895519184e-013	0.155982492672756	0.684017301118961	8.49984706691031e-012	5.40187335453091e-005	0.599946080123859	-0.00113084180892117	2.09973089352666	-0.000230200757849074
36820.18227	7190.89915351715	-1.1985446370289e-011	0.00153480821965825	12.2777768419823	409.219895415862	2591.81942529075	334.3471771846	0.00134670803497871	7446.27124260727	3.30017829520501e-009	0.00159827326882578	12.7705309179094	416.322525025285	2694.48150484948	352.586482647747	0.000403223374739367	-5.41433235364266e-012	0.161380807104502	0.678618986877914	1.55661398705681e-011	5.43296066163676e-005	0.599945769251289	-0.00115154294612271	2.09942246705755	-0.000232581583437269
37466.15038	7158.79817874664	-1.02324377405519e-011	0.00146072389839862	11.9178435243658	413.508747932912	2566.08374652743	337.592595076779	0.00113544296026632	7666.87855611197	6.92358474649601e-009	0.00157645152253264	12.847945718134	427.998240584008	2769.58314357488	354.260743607802	0.00041018463648379	1.0909613848513e-012	0.166777675012306	0.673222118836417	1.06766586372108e-011	5.46334210319913e-005	0.599945465474076	-0.00117301608247479	2.09909826546241	-0.00023504164603151
38112.11849	7239.42401257551	5.96148088610578e-011	0.00141134508248314	11.757510046194	421.010484499736	2584.72902044273	347.209800207318	0.00165050567969714	7075.74628713621	-1.25303599421284e-008	0.0013763217793025	11.4630062512054	415.703378114381	2520.47067144393	356.068875113774	0.000417545318488808	4.91333534638047e-012	0.172173264905384	0.667826528968191	-3.97951979694223e-012	5.49307469026113e-005	0.599945168153201	-0.00119530765069054	2.09875864313586	-0.000237585521688874
38758.0866	6884.17790193176	-8.40434778231033e-011	0.00126642278677932	10.7991129997752	415.786422152684	2430.25507934972	334.142412468131	0.00118840430586744	7470.32912188837	-6.69683092308365e-009	0.00139060625000813	11.8343237308572	433.40518328001	2662.51745057389	358.004731227905	0.000425323551374206	2.65364652347164e-012	0.177567727583939	0.662432066361659	-2.79602098668055e-012	5.5222108871852e-005	0.599944876802425	-0.0012184673546253	2.0984038546453	-0.000240218083175891
39404.05471	7031.80528235019	2.59177147722159e-011	0.00123498575957342	10.7606886328399	425.797470246291	2474.23175114753	347.621138034838	-0.000245948405613588	8276.84212018805	2.31924441894635e-008	0.00147783522267037	12.8569140824147	464.71069031065	2964.73945722087	360.063053693401	0.000433540112907541	3.67266319326086e-012	0.182961198901746	0.657038595194185	2.83583957257791e-012	5.55079923206848e-005	0.599944590932777	-0.00124254852701589	2.0980340633009	-0.000242944535050361
40050.02282	6825.05102494188	4.68574478761904e-011	0.0011305215229055	10.0942300711837	424.981239823482	2378.43421925579	342.436602729581	0.00112278938631831	7236.59240808469	-3.38716235403722e-009	0.00120905181126254	10.7809394634375	437.787683711748	2540.03287374016	362.239346638515	0.000442218557066841	-2.86764997937894e-012	0.188353802315418	0.651645991809549	-1.01861924948333e-011	5.57888486796413e-005	0.59994431007233	-0.0012676085211201	2.09764934756114	-0.000245770450673955
40695.99093	6792.34406332293	6.94155687674146e-011	0.0010641407056693	9.73616696482387	429.634034832782	2350.642304596	346.798647671437	0.00200514911287899	6379.03239058986	-1.41332434571735e-008	0.000993987544267785	9.09647961524067	416.003138860008	2189.30201853033	364.529771100495	0.000451385389991106	-6.28960978437984e-012	0.193745650858356	0.646254143198648	-1.49153147721988e-012	5.60651000187319e-005	0.599944033818671	-0.00129370914661379	2.09724970578214	-0.000248701813258339
41341.95904	6351.40320984555	-2.79857450561906e-010	0.000927227813212777	8.71944619276531	421.214011699578	2164.34398108304	328.103599224844	0.00296846446243757	4535.73365957893	-2.06538586522119e-008	0.000633667417658345	5.97315473059468	359.805316025965	1460.49412491057	366.931056004263	0.000461070292753865	2.66235203909255e-012	0.199136848951661	0.640862944813509	-3.35942779518478e-013	5.63371430579267e-005	0.599943761795377	-0.00132091715667743	2.0968350593333	-0.000251745061645417
41987.92715	6349.36148305813	8.15159722288896e-012	0.000873691470168766	8.43380081913933	426.732027867738	2148.40834985119	334.401540533916	0.00432032860246095	4798.49327094172	1.70904840347456e-008	0.000637376769326001	6.16218203917803	373.210576647612	1550.75218718653	369.440422316189	0.000471306396636427	-1.06606234373032e-011	0.204527494151467	0.635472299512372	6.59920828424215e-013	5.6605352750724e-005	0.599943493557223	-0.00134930478947442	2.09640525436277	-0.000254907140362937
42633.89526	6419.60943348136	-1.97362027510399e-010	0.000832857769673833	8.25459203281808	435.193076353917	2159.29144055732	345.013476562745	0.00150253734741164	6509.24955449657	-1.14875633416441e-009	0.000849349440828112	8.40759983803542	437.871165425848	2193.64584650464	372.055517118783	0.000482130611441313	-3.22769685146132e-012	0.209917677285287	0.630082116498885	-1.85466093823523e-012	5.68700854600481e-005	0.599943228855716	-0.00137895037053197	2.09596006222636	-0.000258195556003926
43279.86337	6252.98991665344	-6.06355836014327e-011	0.000756926428697633	7.72248563490136	435.497320450838	2079.33270395089	342.022395228444	0.00129515402295525	6846.08792072808	9.02923219109303e-010	0.000842491829754661	8.57068759215646	455.824062977275	2305.88009227954	374.774354857663	0.000493584023496754	2.0094018346169e-012	0.215307486202427	0.624692307290876	2.89333792514872e-012	5.71316818478683e-005	0.599942967266267	-0.00140993902152361	2.09549917875123	-0.000261618441895891
43925.83148	5931.44904101864	1.11805390483727e-011	0.00066398472104048	6.98836222808781	430.292033697928	1940.96587802977	329.401275919878	0.000848592926093145	7049.17153320722	3.8901747789801e-009	0.000814158786266976	8.52699456660333	470.202032339889	2363.82465277123	377.595265307782	0.000505712353300713	-1.68071766967895e-012	0.220697004326791	0.619302789144714	3.13516369473297e-012	5.73904694952083e-005	0.599942708477585	-0.00144236341849108	2.09502222213903	-0.000265184629367206
44571.79959	6107.08603734739	-1.22246494833794e-010	0.000642765191046563	6.96178036875886	442.908976207519	1989.95701131952	347.477107029246	0.00142974962149754	6519.54677023437	-3.41298361660645e-009	0.000695841549337882	7.51721022381712	457.630348723351	2145.24673632851	380.516844595291	0.000518566504654775	9.18189657402242e-012	0.226086312914644	0.613913480022543	-1.34348355436469e-011	5.76467653538993e-005	0.599942452174061	-0.00147632469520843	2.09452872969709	-0.000268903729554794
45217.7677	6001.67811504362	-1.02183272390609e-010	0.000585800967229432	6.54951759264848	445.638303159122	1932.57901558824	348.332885467876	0.00214862063580358	5996.20854584644	-7.46739639253042e-009	0.000588664623637837	6.56596140925064	444.390043759571	1931.71152418074	383.537909069947	0.000532203202801158	1.29768891265894e-011	0.231475491826458	0.6085242996893	-2.20599346725235e-012	5.79008780177087e-005	0.599942198023702	-0.00151193344471014	2.09401815312199	-0.000272786227049671
45863.73581	5883.07674656144	-1.49841156954463e-010	0.000530646044285617	6.13215000958849	447.874109456033	1870.20911197895	348.409883810545	0.0013820312281607	6419.90787183418	-2.47597252903888e-009	0.000590135219754354	6.79742204044501	468.10941724078	2069.03661763286	386.657450308716	0.000546685747121842	1.52482674413784e-011	0.236864621178642	0.603135170090212	-1.38805441324344e-011	5.81531099405138e-005	0.599941945788974	-0.00154931089013716	2.09348985227242	-0.000276843586935205
46509.70392	5682.89119033564	-1.01408836407651e-010	0.00047039650993034	5.62926330821206	446.964955472702	1777.87591249698	343.003006828233	0.00154133145668114	6256.43958410197	-3.48977553121687e-009	0.000530006562230305	6.31604605382629	469.021618887716	1988.50305922856	389.874584811298	0.000562084893963806	-5.78630394370216e-012	0.242253781462132	0.597746010841879	-1.29014624831565e-011	5.84037595581738e-005	0.599941695157209	-0.00158859020986797	2.09294308755484	-0.000281088378115812
47155.67203	5624.12303738985	-1.35742863382368e-012	0.000428520173652469	5.311489183204	451.489302320146	1737.38228419392	347.184312930021	0.00340859867129449	6637.04602728463	8.38684313435969e-008	0.000521901102838381	6.41424849189696	488.461077239817	2115.1538231667	393.188506620795	0.000578479900522281	-5.79780557272667e-012	0.247643054489807	0.592356736809029	5.21275387929742e-013	5.86531233681985e-005	0.599941445833731	-0.00162991808190271	2.09237700995507	-0.00028553441416123
47801.64014	5601.38848757821	-3.76037595047696e-011	0.000392020377099505	5.03841327579509	457.878804132211	1709.0333387102	354.07942546849	0.00163384996346319	6043.14932585266	6.92135491151596e-010	0.000431351251772889	5.52401269292598	475.697365025241	1868.29607908349	396.598430106388	0.000595959752691949	7.08428085610285e-012	0.253032526142527	0.586967264313533	5.82340522534833e-012	5.89014980936717e-005	0.599941197447054	-0.00167345646939614	2.09179064900446	-0.000290196921813713
48447.60825	5475.56266487967	-8.58877526187759e-011	0.000348981986467846	4.66165896694439	460.04495684935	1643.40316500111	353.873104748937	0.00131168017722847	6162.24221012766	-2.27160961616794e-009	0.000403682006004309	5.36804914683315	488.885736702896	1888.33597436633	400.103524277407	0.000614624636538971	1.12167001153599e-011	0.25842228683993	0.581577502845299	-7.91102522241765e-012	5.91491828354677e-005	0.599940949769492	-0.00171938470683892	2.09118289827484	-0.000295092730758452
49093.57636	5391.44189199714	-5.14882032775386e-011	0.00031225046642886	4.3403816619046	464.089578131575	1592.31822202681	356.776495303556	0.00238210977629939	5651.89656707595	3.2705207103201e-009	0.000333033534951364	4.61079025885407	474.553258500597	1684.97958167196	403.702833852341	0.000634587674559297	2.2345400745913e-011	0.26381243208636	0.57618735584249	1.62659817400742e-012	5.93964813716422e-005	0.599940702460399	-0.00176790191611191	2.09055249749117	-0.000300240502077704
49739.54447	5247.94347365956	-2.27851226528297e-011	0.000274070673444832	3.97336762411204	465.577191307032	1520.26759787204	355.277144696707	0.00177469782466818	5783.34429115927	1.37431090783382e-009	0.000310419174839633	4.47782641121954	489.051591924502	1707.1321834384	407.395187003793	0.000655977022022702	6.17719637271958e-012	0.269203066479369	0.570796720356862	1.17346974502544e-011	5.96437045596899e-005	0.599940455234008	-0.00181922988216571	2.0898980105008	-0.00030566099491977
50385.51258	5183.20436614027	-1.00112377910913e-010	0.000243947235960017	3.69264205663097	470.738632911031	1475.21430468627	359.930332505267	0.00145508000277008	5875.66404220173	-1.8786303320214e-009	0.000285611980506508	4.30087486943109	502.467300890841	1713.42031505912	411.179073248037	0.000678938386314827	1.27073487190308e-011	0.274594303551249	0.565405482106128	-5.23255016136421e-012	5.98911730245767e-005	0.599940207787338	-0.00187361642435572	2.08921779883717	-0.000311377383838727
51031.48069	5198.03085653791	-2.24208202218926e-011	0.000220382831802159	3.48711463973074	479.936975589627	1456.3334015581	371.368458980763	0.00157432738461717	5700.97699262233	1.35804488969392e-009	0.000247843286695831	3.90556315770121	503.539115480538	1627.15671611043	415.052493740076	0.000703638085784456	4.09804588550423e-012	0.279986270538675	0.560013514804251	5.7299184850974e-012	6.01392200287937e-005	0.599939959737065	-0.0019313394170318	2.08850998868165	-0.000317415637957449
51677.4488	4950.0376710401	-5.82860515085601e-011	0.00018492460095364	3.07390132103698	476.67384357109	1348.59874225472	361.295395988168	0.00185462019045283	5337.13703799141	1.69336484924453e-009	0.000204997469833628	3.3905622138181	495.400502632042	1477.12777152738	419.012767055057	0.000730266782167849	-7.10660521687159e-012	0.28537910970105	0.554620677181118	1.86385467442727e-012	6.03881947654504e-005	0.599939710766191	-0.00199271159047686	2.08777243022823	-0.000323804976422478
52323.41691	4896.62145697809	-2.14251335568269e-010	0.000162190175723605	2.83272313693862	482.892951813841	1305.79470619553	367.552489271562	0.00185767500131026	5505.07735088849	-5.81361411392795e-009	0.000188826241831476	3.27819022576145	513.174012162992	1506.58899849403	423.056269303607	0.000759044075094363	1.87882266303773e-011	0.290772981887758	0.549226803538242	-2.59779219538877e-011	6.06384661096912e-005	0.599939460478262	-0.00205808631769451	2.08700264720926	-0.000330578421936666
52969.38502	4728.59772208901	5.14354596523955e-011	0.000136689617589642	2.51881641516188	483.53817738773	1225.07649505077	363.813876780178	0.00184179177773733	5400.72693024294	3.31761565830025e-009	0.00016285334021249	2.97967371650471	518.26287468877	1442.59461744416	427.17810144655	0.000790224208371926	1.0682958529874e-011	0.296168075916854	0.543831710025158	1.7569195580605e-011	6.08904268770047e-005	0.59993920850583	-0.00212786462924377	2.0861977728498	-0.00033777347515875
53615.35313	4670.76026528426	-3.47119149957324e-011	0.000117954708341308	2.29623805623034	489.886881084817	1179.77508645876	370.12472965117	0.00386888569592572	4589.76865642414	3.04514549710691e-008	0.00011715819151687	2.26977960762986	484.155654499077	1154.86555133447	431.371630846406	0.00082410320622155	-7.56801057659739e-012	0.301564609231536	0.538435176676857	2.98402424035741e-012	6.11444989684143e-005	0.599938954464178	-0.00220250378616687	2.0853544690941	-0.000345432948683761
54261.32124	4547.99695770348	2.81198526164131e-011	9.88897627299017e-005	2.04234941421592	493.07613150239	1113.24809843888	370.513703878612	0.0022277025343953	5108.46643425959	5.55738412115669e-009	0.000115801816255791	2.37421462787711	524.029635940197	1287.65540978034	435.627877970802	0.000861027915935725	-1.88677140040514e-011	0.306962840476408	0.533036946297496	2.82227549052943e-011	6.14011393766726e-005	0.599938697838357	-0.00228252788408534	2.08446882221723	-0.000353606006851054
54907.28935	4420.9916653807	-9.54608143335549e-012	8.18405566135717e-005	1.80011443379107	496.258704959338	1045.10029650039	370.402243926515	0.00256133797068752	4935.49866636255	5.92267988529007e-009	9.5491125685715e-005	2.08507107280501	526.201152507734	1199.90041879855	439.934670634854	0.000901407570907962	-1.05942779862861e-011	0.312363078409496	0.5276367083007	2.48850305998835e-012	6.1660847466955e-005	0.599938438138284	-0.00236854101979227	2.0835362069689	-0.000362349472672548
55553.25746	4684.05463256865	1.6137886854651e-010	7.56981894263432e-005	1.76933491647369	523.024120447998	1091.66869079879	410.955446300349	0.0023123095945318	4975.7461129615	6.11771217550978e-009	8.20061877709639e-005	1.91029927123483	539.980012901235	1179.63002895613	444.27547497115	0.000945728800470689	-3.02780722872443e-012	0.317765698815065	0.522234088210638	2.96049113837969e-011	6.19241738709059e-005	0.599938174816978	-0.00246124393745529	2.08255110610602	-0.000371729501132408
56199.22557	42329.8307952658	1.31515578231827e-008	0.000777921190436216	18.6523220921214	2920.36059032725	11789.348511901	4508.88974521522	0.00250169569771257	4825.8683708005	6.484009501255e-009	6.63393252522493e-005	1.65876782449502	543.478941617877	1099.14290260432	448.627746534945	0.000994575381669564	-5.83831439495715e-014	0.323171163180331	0.51682862428262	3.55234363465814e-011	6.21917316929393e-005	0.599937907268777	-0.00256145527392222	2.0815068670178	-0.000381823745425926
56845.19368	2026.24593895186	2.83163757730187e-010	1.09533539866727e-005	0.34831462261639	372.593718919592	285.338759140354	142.186422193692	0.00324142123090226	4571.70582348705	7.76845221630607e-010	5.13410859985637e-005	1.38599485510778	540.234762666695	989.153009852545	452.96056647694	0.00104865467125004	4.83645911489727e-013	0.328580047985443	0.511419739847445	3.62626479667745e-012	6.24642105646909e-005	0.599937634836688	-0.00267013901876026	2.0803953669209	-0.000392724204566709
57491.16179	2199.3082458685	3.12827184919343e-010	1.1040884665337e-005	0.366765672105942	390.772549558051	316.881891582429	167.134423072061	0.0028636708085669	4595.54418403237	-2.68423018110171e-010	4.20424376866176e-005	1.23141577884549	555.85271629389	956.293030427159	457.231205245984	0.00110883371310527	1.20805978344687e-013	0.333993084424794	0.506006702917386	1.07217406188248e-012	6.27423947438411e-005	0.599937356655241	-0.00278844080468207	2.07920654012939	-0.000404541053480133
58137.1299	3791.35744886562	-7.37112786798588e-011	2.53016871597337e-005	0.821995977863946	513.854869084893	704.97327135923	368.93408570901	0.00978085886551427	3305.83841058388	5.9666087333445e-009	2.16982044540204e-005	0.698878223122295	475.41737883358	582.672433939033	461.380015596973	0.00117618963818972	-2.16022688936178e-011	0.33941121835017	0.500588569846602	2.28497996444159e-013	6.30271871062554e-005	0.599937071863171	-0.00291773654023291	2.07792769283841	-0.0004174078855739
58783.09801	3783.52779205767	3.51656778340398e-012	1.96991339761447e-005	0.704651259230403	526.811255808765	665.424896810145	383.345015856386	0.00357862891145685	4285.91093234566	3.00466732359524e-009	2.38658502158766e-005	0.843410417423914	563.824858425637	790.338792530666	465.322661161394	0.0012520820333713	-7.61239383246279e-012	0.344835694303401	0.495164093426876	7.00926791908857e-012	6.33196415278782e-005	0.599936779401919	-0.00305969938408011	2.07654247703762	-0.000431489102733721
59429.06612	3562.06100482431	-3.43363472630024e-011	1.35245374830719e-005	0.54187385765532	524.094010879623	573.243019237486	369.869052084586	0.00359656490902908	4149.9842862092	5.62409710816602e-010	1.72724052128551e-005	0.680832400946433	570.114281304563	710.602363228468	468.937956795323	0.00133826013307076	-1.32011612695114e-012	0.350268193163371	0.489731595167486	7.27743022371398e-012	6.36210074712633e-005	0.599936478077218	-0.00321639409517321	2.07502929389304	-0.000446990611688078
60075.03423	3238.03217347976	4.68813349318731e-011	8.33993812665589e-006	0.38168330595863	512.400266985821	461.267105043423	339.971269197394	0.00405488094717473	3999.50740135072	3.82643394242214e-009	1.19524349212294e-005	0.532302003472697	575.300880068807	628.015888136399	472.0481915355	0.00143702832137875	8.95471386519096e-012	0.355711044473954	0.484288744397565	1.97483341425568e-011	6.39327962447432e-005	0.599936166316828	-0.00339041517945344	2.07335869129286	-0.000464175967888235
60721.00234	3219.9772359592	-2.84479724542823e-011	5.72894534016703e-006	0.300767806669647	526.208028539752	417.024535000199	352.515181782956	0.00462073476294298	3818.18396541842	1.58665072664963e-009	7.76247025183914e-006	0.397482440824966	578.379553028096	538.364990188844	474.385910990042	0.00155151415611971	-7.36292549010255e-012	0.361167584704463	0.478832203987492	6.96818017032099e-012	6.42568771274379e-005	0.599935842249366	-0.00358509595714461	2.07148887724151	-0.000483391728346672
61366.97045	3088.24260872243	-5.77815958709151e-011	3.43219551715676e-006	0.212766428746133	531.004624100474	348.419231749449	347.70850408419	0.00810106322913017	3248.24809250666	8.99441053747541e-009	3.98340407325629e-006	0.241190975847285	544.76749748838	375.69558827108	475.534830693584	0.00168613139675628	-9.87000461874527e-012	0.366642801433631	0.473356986724734	2.8574506843345e-012	6.45956364519322e-005	0.599935503505264	-0.00380484283002741	2.06935741130564	-0.00050510978881018
62012.93856	2968.53235148988	-5.43716254797909e-011	1.86877103361314e-006	0.141262045652409	537.662491437964	282.210073966939	343.389038864999	0.00704839815987967	3450.27835894662	4.90372076689957e-009	2.56242694376888e-006	0.187323695362218	584.420742271252	362.39706063522	474.817179277472	0.00184744929791527	-6.0561137142035e-012	0.372144559731494	0.467855228487695	3.38430195122207e-012	6.49522405674576e-005	0.5999351469138	-0.00405570219880338	2.06686434002993	-0.000530003271761704
62658.90667	2784.15443491067	-1.02669712316158e-010	8.24124954977921e-007	0.0803577714681029	538.505210725438	207.256284565179	325.278807816713	0.00513445233892503	3533.43254575625	-9.46187984746563e-010	1.35173982936448e-006	0.125622550876541	618.779345874219	313.072305169234	471.057519880643	0.00204602476671331	-2.17509455608176e-012	0.377686220512199	0.462313567613985	-2.88499898922098e-012	6.53311717127319e-005	0.599934767971668	-0.00434640779977793	2.06383343015159	-0.000559097123954217
63304.87478	2996.02154866734	1.18218532979048e-010	3.86640774247965e-007	0.0509723154998923	588.081650117354	177.32840126601	377.902076761092	0.00352391281174111	3633.7644263383	4.76475106808017e-010	5.65939319437987e-007	0.0722521049801634	660.362186289838	256.470282921489	462.013443868775	0.00230097882852241	1.37876792917568e-012	0.383293128122468	0.456706659710043	1.49722830191044e-012	6.57393799214924e-005	0.599934359760281	-0.00469055798199379	2.05990559270318	-0.000594112459921383
63950.84289	2808.69395462403	1.37735230689646e-010	7.90910996472116e-008	0.0171958978123226	595.596627450602	98.999683884289	350.224693144796	0.00867291604753824	3166.77015891917	-9.10366606589099e-010	1.10778753937452e-007	0.02314754925342	636.915008011049	134.015596720845	442.648190778069	0.00265507258965965	2.95533237923543e-013	0.389022945045475	0.450976842713689	-4.05211487808164e-013	6.61895319887429e-005	0.599933909605646	-0.00511224358930503	2.05414934448147	-0.000638454144821599
64596.811	2594.41678056041	1.21800102343437e-010	2.821954561502e-009	0.00176634184291614	606.279704557704	28.9465431603595	295.257957118929	0.0126107564904379	2848.53522540067	-6.62668324468787e-010	4.58284272710827e-009	0.00264290815628226	635.4762576164	43.0398834727425	396.687577796012	0.00326012819509644	6.90330399533733e-014	0.395064332923225	0.444935454845826	-7.51692646560882e-014	6.67145121571058e-005	0.599933384625071	-0.00567436867923322	2.04262313913733	-0.00070146668652779
