0	1001.04410334863	18.9998626970247	0.178142726500517	0.324002643361391	0.000100002245631563	0.0199851858999908	4.90452436950531e-007	1.03068189978955e-012	1001.04539428266	18.9999999875175	0.17800005047805	0.324000076755303	0.000100002247916698	0.0200000006728382	5.22899735777259e-007	8.84452736317604e-010	0.239999999999292	9.99999990406005e-008	0.600000000000707	9.99999999999998e-013	9.99999990406005e-008	0.6	-0.000528718128861923	2.47524941428003	-0.000226594335744396
677.38702	1332.49050956367	18.1513305921252	74.6296263331734	115.011680490134	0.796856772558038	4.67737140734058	0.000116358959139794	2.80405561977552e-011	1703.38031204685	17.825646744201	105.417979985797	163.902794315426	1.06444129718896	6.30186575269457	0.000158329292128795	8.96664508012271e-006	0.224116362959456	9.99175736542541e-008	0.615883622882505	8.97925909672876e-013	9.78307763199306e-008	0.600000000306201	-0.00631163603674252	2.39489258089925	-0.00118122962392352
1354.77404	1705.66274936165	18.0868100162104	148.161124506258	227.869874406064	3.15658603193669	9.24838189628315	0.000229587917049726	5.12249427314103e-011	2101.82799697972	17.8807380295774	194.798389951367	300.868868847438	3.93609959717247	11.924365770055	0.000297366455041932	8.61111778275177e-006	0.208157827437249	9.75371148450874e-008	0.631842229165268	8.16411126129174e-013	9.87404738307678e-008	0.600000005739644	-0.00473640260156138	2.38770409917538	-0.000903277422581759
2032.16106	2067.01191354104	18.0116867375078	219.631717765212	337.63173006831	7.0222922289939	13.6967817786344	0.00033985171560547	7.34911144819316e-011	2468.6948766481	17.850222761606	273.958492141379	422.290018900429	8.32359324850865	16.8787725266096	0.000420012972265564	8.30010259697516e-006	0.192209221810506	9.56909963762831e-008	0.647790797031815	7.42490435824886e-013	9.74841785672744e-008	0.600000005290858	-0.00377349324541139	2.38360904063684	-0.000743933164502688
2709.54808	2414.74953777582	17.9231374169539	288.371447331532	443.403284818747	12.298387068735	17.9917501073549	0.000446518807368737	9.47489442031817e-011	2816.76376683015	17.7858203706208	346.986654930971	534.566762374631	14.116971053694	21.4601405464422	0.000533685091966239	7.9542417501146e-006	0.176271794541332	9.10207334669328e-008	0.66372820725629	6.72497455377426e-013	9.51796823045865e-008	0.600000006484701	-0.0031435719058872	2.38071835345188	-0.000638465464417087
3386.9351	2749.17964011442	17.8172239394574	354.243947813463	545.088869074063	18.8826012131182	22.1340349996003	0.000549722672278082	1.15142035507987e-010	3149.2276675301	17.6956833396989	415.371551739659	640.086217597839	21.2149525769917	25.7763931305344	0.000641160959702883	7.59403802907142e-006	0.16034724710917	8.43250055958724e-008	0.679652785614755	6.05157841801291e-013	9.22741558747916e-008	0.600000008171143	-0.00269992485900235	2.37847643103444	-0.000562954563610966
4064.32212	3070.89499389522	17.6883150517582	417.2489667727	642.821770978498	26.6674054933665	26.1345292810666	0.000649871246105266	1.35286407401053e-010	3467.80183681475	17.5784475738019	479.8476003848	740.106683069298	29.5082142616943	29.8863216531829	0.000744028727022769	7.44879584173692e-006	0.14443787249658	8.44937845415574e-008	0.695562153784886	5.39858182097638e-013	9.21902686692158e-008	0.600000010272557	-0.00237052807963821	2.37663800864899	-0.000506026994479964
4741.70914	3380.55221655308	17.5280806815038	477.418187051741	736.834030612445	35.5388547009095	30.0102407357442	0.000747578829639255	1.55002195667352e-010	3773.68833506345	17.4277278201576	540.827952657056	835.45037786075	38.8792518176216	33.8319816809739	0.000843522935152661	6.97401019783465e-006	0.128546987986064	8.61057828092258e-008	0.711453052295833	4.76248855363345e-013	8.73028185489198e-008	0.600000011639888	-0.00211626168239549	2.3750692969706	-0.000461488021539968
5419.09616	3678.81572571015	17.3236792254038	534.765829238586	827.424257933387	45.3764765724088	33.7848622219782	0.000843729376210906	1.74010264460455e-010	4067.84353364662	17.2317554215721	598.540784023073	926.757183440751	49.2033285699068	37.6516407849261	0.000940895907355635	6.8290447986079e-006	0.112679739180957	7.7619731111103e-008	0.727320283582359	4.14110046884855e-013	8.64799108739254e-008	0.600000013447561	-0.0019140427239214	2.37368493901396	-0.000425646214550999
6096.48318	3966.34544268329	17.0542889476731	589.242765283052	914.968618662399	56.054515838004	37.4927762387665	0.000939670729671319	1.93454124056402e-010	4351.09194088215	16.9704405710976	653.060380756454	1014.61774123381	60.3502527192529	41.3890112074933	0.00103773865829571	6.51651417459226e-006	0.096844653854115	7.63467051862024e-008	0.743155347016537	3.53298901354155e-013	8.32417364042256e-008	0.6000000144532	-0.00174935582346155	2.37242089227748	-0.000396153673342162
6773.8702	4243.80854579438	16.6839649742711	640.661302171678	999.977703259781	67.4448387967238	41.1890438258006	0.00103767057154837	2.16138632778024e-010	4624.18952332404	16.6085066142901	704.26438103369	1099.68981268422	72.1875376096345	45.1057433619049	0.00113650291540627	6.3966761120804e-006	0.0810569938607296	7.40087501798076e-008	0.758943053505434	2.93738414709817e-013	8.2551053191273e-008	0.600000016336917	-0.00161259775383305	2.37121755719121	-0.000371439926752944
7451.25722	4511.92369983393	16.1455510046001	688.527501058721	1083.24948202949	79.4224288345568	44.9743929915936	0.00114205843375564	2.26915486057465e-010	4887.88929179133	16.0796731352672	751.674844816307	1182.88793246108	84.5860412564564	48.9077121050797	0.00124168238577771	6.24007380304887e-006	0.0653464862344956	7.26321786120684e-008	0.77465361847617	2.35184415554752e-013	8.11205569721316e-008	0.600000018858016	-0.00149713082824976	2.37000085062264	-0.000350409777333706
8128.64424	4771.58616740291	15.3005103375515	731.58785431585	1166.29716891906	91.8764861480123	49.0661002339711	0.00126252493951866	-4.51179957635084e-008	5096.71671644688	15.2456914776413	786.113728264945	1253.35911468673	96.86400850349	52.5398184206172	0.00136310208663204	6.09476786200656e-006	0.0497786592481466	7.12830083937865e-008	0.790221452272189	1.3233403795184e-009	8.00159102193361e-008	0.600000020496209	-0.00139814612079458	2.36864330442548	-0.000332268788264059
8806.03126	5024.26968629887	13.8281354284266	766.348354820112	1252.74548200376	104.738243281133	54.0416749968922	0.0014258734117818	-1.30935307155092e-008	5358.90193757403	13.7921322366021	822.096791017448	1343.60230666428	110.235984268885	57.6654903708002	0.00152741506941816	5.9367794061001e-006	0.0345213830975251	6.99588996116245e-008	0.805478686217983	1.99069373832359e-009	7.85418991626615e-008	0.600000021893173	-0.0013118505765687	2.36684612877928	-0.000316411904111232
9483.41828	5273.55380889421	10.93559152324	781.171000771423	1353.78000576966	118.072699792665	61.9125207717725	0.00173179211256484	1.46992090482903e-009	5556.4938305694	10.9259694318684	827.031947954473	1432.30939410203	123.179844926403	65.0621370455548	0.00183155912965128	5.7869979938726e-006	0.0200969150649778	6.86593867837972e-008	0.819903115209039	2.40293255921612e-009	7.70958527081051e-008	0.60000002373337	-0.00123447016806339	2.36367902432702	-0.000302350112961055
10160.8053	5530.66917546625	5.48770697931166	732.942122017617	1507.9963511398	132.417820985428	81.8758877515226	0.00271894711989678	1.36960954698371e-007	6203.19326585475	5.59157605770224	835.721354181448	1705.46833071325	143.879070898151	87.0940091204359	0.00278736832768728	5.64787681945099e-006	0.00826823314860469	6.73840132141674e-008	0.831731756683563	-5.08972784938547e-010	7.56772387850918e-008	0.600000027150854	-0.00116150774106521	2.35575845020272	-0.00028989015218583
10838.19232	5816.17633819216	0.891756581249364	545.243527800757	1763.65488309073	149.217269096842	150.541596183407	0.00785939078202058	-3.71214964019971e-008	6188.1171167747	0.909444228730425	588.357509902968	1887.41754068527	156.407826621947	152.658025902532	0.00769567943751949	5.52597948142524e-006	0.00212532635016271	6.61323317660741e-008	0.837874656610376	1.21136427360108e-009	7.42856206217946e-008	0.600000027176825	-0.0011005991481515	2.33638371280411	-0.000280463479484211
11515.57934	6126.1876229562	0.0590284729420875	308.724079272714	1966.14067835715	168.641091750698	330.428107838134	0.0339642077913699	-8.4986255739283e-009	6435.10620213524	0.0600915656603552	329.213263178035	2081.10757079189	175.224264161922	335.254586203871	0.0329145520862828	5.42693182202898e-006	0.000443023226484685	6.49039124358644e-008	0.839556957479171	3.52485908937526e-010	7.29206507263057e-008	0.60000002983502	-0.00106652037767138	2.30892964537446	-0.000274978615074969
12192.96636	6443.63595094746	0.00404754940680298	157.218598286161	1955.42152300943	187.805337573443	641.795492439496	0.128832504780703	1.89027227640451e-007	6873.83547561829	0.00422251015684489	174.6878868931	2135.29387888267	198.459393904609	637.620851409036	0.126604734569981	5.37824985002143e-006	9.00794702059667e-005	6.3698385444268e-008	0.839909860253414	9.76548051732276e-012	7.15819854850512e-008	0.600000031813832	-0.00103780014281143	2.28324844864694	-0.00026898106621705
12870.35338	6762.45074149732	0.000412243562490848	81.1791170513839	1786.70836266747	203.74576425623	1037.73075060249	0.368621283309661	2.87293644809626e-007	7054.69065741528	0.000417908269173697	86.0471174225495	1883.64497791903	210.299948947431	1068.99276293785	0.367351997276231	5.47308028053551e-006	1.82865689397306e-005	6.25155731622963e-008	0.839981653336379	2.63346044199784e-010	7.026944257585e-008	0.60000003313332	-0.00100112580415403	2.26246093186135	-0.000260044808595447
13547.7404	7081.41166713401	5.65626666342044e-005	42.6867070343372	1543.46672333726	215.104370498408	1472.73578817206	0.859428372657629	9.76465935318446e-007	7595.78429634929	5.80427556784814e-005	47.369679917325	1694.85809553643	226.188924805439	1551.09073593633	0.863173734353877	5.91185204233157e-006	3.71197651794597e-006	6.1355759138471e-008	0.839996237152474	-2.83216737220515e-011	6.89833702046684e-008	0.600000034045979	-0.000961375716031849	2.24525945647871	-0.000249935304257379
14225.12742	7400.42294826322	8.78789457538014e-006	21.9983051103239	1266.8667268403	221.628173038613	1925.29098893128	1.7894088707163	3.40279600621061e-006	7323.70803479004	8.85823543186916e-006	21.8002239083536	1254.10404250903	221.013230648984	1901.94289269854	1.80223806465363	7.1363987641096e-006	7.52689878693468e-007	6.02202880898323e-008	0.839999198560919	7.23872389892465e-012	6.7725369354661e-008	0.600000035579232	-0.000922247914447114	2.22990757848807	-0.000239866541457878
14902.51444	7719.49579380511	1.30597696389359e-006	10.5087458299325	974.699595725005	223.543600673429	2385.69388891575	3.57100718674198	5.54527760893455e-006	8026.08028958194	1.33592214006653e-006	11.1530318291333	1027.87893005507	229.307992739222	2472.93306825413	3.59194609361181	1.02973359914129e-005	1.52822169324176e-007	5.9113236604225e-008	0.839999806490673	5.92900927353587e-011	6.65002400159122e-008	0.60000003666885	-0.000884878950516914	2.21495524843515	-0.000230238257919461
15579.90146	8037.9063552751	1.48781116301693e-007	4.23340501284995	675.855990650485	221.243058692167	2847.36768514776	7.3355944548142	1.5548193015923e-005	8631.62822235013	1.264568511205e-007	4.78633858369579	751.378867326747	231.637120891713	3045.19657824708	7.33221378033745	1.92064957580553e-005	3.11143004466992e-008	5.80472380652896e-008	0.839999934978174	-2.74968313855998e-011	6.532263662386e-008	0.600000037616157	-0.000849237813193661	2.19877497033728	-0.000221102124746289
16257.28848	8355.91193704935	8.12665904633867e-009	1.14726600125017	378.732061770407	215.194877966482	3299.33609293865	17.5727046728789	5.04960630274536e-005	8604.83158187507	2.93047343897929e-008	1.20683596099444	395.28681850174	218.726968553375	3398.79316590283	17.2602230646167	5.30669413630056e-005	6.26068078964967e-009	5.70729199523248e-008	0.839999963127372	1.49029055840413e-010	6.42497163369242e-008	0.60000003912727	-0.000813889139312968	2.17826407888298	-0.000212143496226089
16934.6755	8674.66218232438	5.09520609154744e-011	0.10267067155797	119.527386454045	206.029383369576	3672.13166061893	68.906471643285	0.000379146596187328	9012.82395544097	6.97558846634224e-009	0.11226163462913	127.928097029384	210.199286165307	3826.81958061683	64.6743820534907	0.000338499753859066	1.27871810363945e-009	5.65957490894938e-008	0.839999969029726	4.07006569474991e-011	6.37132548190732e-008	0.600000039732224	-0.000767176814979316	2.14457463200615	-0.000199968660409448
17612.06252	8992.74642468631	1.81665914825704e-013	0.00591249063625039	28.811668984981	195.443694062278	3705.14322897864	290.953248681743	0.00327788705024198	9345.83707116494	1.96287137362931e-009	0.00635637436006866	30.6338528197095	199.01801349211	3879.40026304418	283.28914643031	0.00303239619106178	2.57910961678151e-010	6.2066820618646e-008	0.83999996450992	1.16606125358783e-011	6.96531054662242e-008	0.600000033802932	-0.000712563614770104	2.10775243653755	-0.000185561413167801
18289.44954	9306.71093129972	3.10881020581923e-012	0.0013155748671531	13.370338734167	185.35927980683	3586.04301899675	587.569402840626	0.00956060740475533	9667.76530169336	2.62561918620309e-010	0.00139763992298175	14.1687445328285	188.618002550809	3755.52479156655	589.658088747571	0.00909249137720149	5.24498326298898e-011	9.95295485060816e-008	0.839999927260786	2.43988385486754e-012	1.12392256611172e-007	0.59999999106774	-0.000684210918333596	2.08932007438743	-0.000178199981797847
18966.83656	9613.32978995846	7.02465976896498e-012	0.000503616551472277	8.10594491237059	176.105456627334	3443.2624410592	893.746502279012	0.018351469675968	9999.31717354461	-9.69813861901752e-011	0.000534201447574742	8.62337953741821	179.301792080986	3613.89353059939	907.751209379335	0.0164783968252574	1.0699727392805e-011	3.1364082285229e-007	0.839999713218343	3.82473883767449e-013	3.52593128715564e-007	0.599999750870535	-0.000660725139826684	2.07804237770134	-0.000172065136660929
19644.22358	9923.50053933544	6.77979623102031e-012	0.000244139420688621	5.52211351161902	167.71806633194	3296.42340580887	1202.55295872073	0.0288644292042955	10198.2851497342	-1.73611466550882e-010	0.000253232325233882	5.74018204128515	169.679683656686	3403.26007895218	1228.55012417437	0.0179171106474553	3.73367146544852e-012	2.61812355333871e-006	0.839997408753893	1.85329631543235e-013	2.03812349631521e-006	0.599998065341694	-0.000639228507202374	2.06987357173398	-0.000166454010228755
20321.6106	10269.8862839666	-1.60634746812106e-010	0.000135687243180973	4.03748406896987	160.353566069817	3163.068482841	1513.54352271232	0.0407433888923796	12056.9426796152	-2.68780475027494e-010	0.000169328448631128	5.34290766007475	174.30886754417	3863.98417917316	1546.84369153476	0.00931008397855993	1.34734674216477e-012	7.9587542185854e-005	0.83992043943661	-4.94671262160921e-015	1.07892461800249e-005	0.599989314221827	-0.000618369185640446	2.06348211850375	-0.000161291933078352
20998.99762	10231.3804931727	3.59866158244965e-011	0.000123131103364629	3.80666648325032	153.893873079876	3108.01019140214	1551.74601473272	0.0310533213212261	10678.7941436679	3.31113227999392e-010	0.0001271857188343	4.00856004635248	156.358043286106	3226.76652182097	1640.31521212611	0.00197595822663634	1.39455626793616e-012	0.00491414683506043	0.835085880137064	2.56630480274218e-012	3.05005639469481e-005	0.599969602899457	-0.000620747136012107	2.0626132225277	-0.00015989907539176
21676.38464	8930.1699490289	-1.09282310652426e-010	0.000395202863292889	6.85462207733791	147.061167880218	3133.69757692469	880.580934441015	0.00971927531729487	9807.10923069764	-1.75179152300102e-010	0.000434282873077611	7.55597611111152	152.185932565286	3448.54402124024	1016.48108441225	0.000630128110362983	-4.80163137950571e-013	0.0218735748641172	0.818126452133542	2.08299917321245e-013	3.85541466202695e-005	0.599961549319693	-0.000759394443605529	2.07650513569395	-0.000171777387246174
22353.77166	9355.62137420671	-2.05041161630886e-011	0.00122136365642538	12.8814151373112	148.344727458054	3584.80065002862	610.706212096088	0.0042841663852669	9417.13603053094	-3.27680439210009e-010	0.00121430153109441	12.9135173245928	148.585646716216	3594.96324305052	631.633556921214	0.000430524839303665	9.72909158101983e-013	0.0337730659809671	0.806226961051054	-7.04648931933242e-013	4.12849754782715e-005	0.599958818493781	-0.000785123217545345	2.08878399397482	-0.000181264747104069
23031.15868	9041.24178214481	1.15614589100802e-011	0.00209901033449957	16.8561214707819	143.428323591767	3572.25341848593	462.866361778904	0.00340080962808742	9036.40515640968	-3.91350843483415e-010	0.00209182597508595	16.8342910848578	143.269817782034	3567.82330527162	477.420776887659	0.000373059882139858	5.47841210031631e-013	0.0418945547903187	0.798105472160301	-3.57061192224377e-013	4.27519468569464e-005	0.599957351521475	-0.000798788891443219	2.0956991059843	-0.000186362243164975
23708.5457	8655.7997007344	7.96303688639481e-012	0.00262060281908941	18.5184864435499	137.449290067803	3453.06965232013	393.686263653868	0.00250045795434835	8956.53490866601	1.51186669175489e-009	0.00271730522565375	19.2178476801793	139.39227331482	3579.36956090706	415.510733119784	0.000351369716828254	-2.27685239267803e-012	0.0485385103882428	0.791461516620522	8.99805359002247e-012	4.37923896839472e-005	0.59995631109836	-0.000811265106444796	2.09903828594732	-0.000189276317396028
24385.93272	9282.09769249315	-2.83380466143552e-010	0.00321093683219847	21.3260858644607	138.163179798059	3736.75297853917	400.386148814249	0.00203843296922575	8966.30582243065	-1.90331184106904e-009	0.0030760016881034	20.5239175850261	136.046096136491	3600.83507252747	388.171116976967	0.000341407753131064	6.97431944223691e-013	0.0546277734871707	0.785372253544279	-6.07878027162089e-012	4.46452011313316e-005	0.599955458290477	-0.000823574623209055	2.10062595382563	-0.000191283128813525
25063.31974	7467.63222529666	-4.06199854653339e-010	0.00267031603277841	17.3368057366147	123.021384323277	2969.33468037148	310.937332638236	0.00179048196942252	8768.4743222123	-3.29815022227736e-009	0.00319098762041974	20.6493554345831	131.466599082297	3524.27210419976	374.172631071338	0.000336150961582378	-4.70494421019873e-013	0.0605025804108714	0.779497446878425	-1.65721602275117e-011	4.53927366743229e-005	0.599954710742074	-0.000835919072914444	2.10144247512472	-0.000192941948022747
25740.70676	8367.23325213364	-5.47654527482521e-011	0.00312143819543932	19.9214988559016	125.78945725289	3355.06051643852	345.384818003436	0.00160713327335399	8783.49137571174	-1.43705785806644e-009	0.00329233971461211	21.0086769856079	128.516625190313	3532.59974822616	365.769261416561	0.000333256642197321	1.40277430004707e-012	0.0662876481889721	0.773712379164768	-7.93318251081811e-012	4.60687708345237e-005	0.59995403470946	-0.000848375424736657	2.10191091604797	-0.000194477329651682
26418.09378	8183.18540680174	-1.03291177692232e-010	0.00309307422301801	19.5979192406886	121.771980758829	3276.20412560073	334.797858076836	0.00130406875042909	9296.04700441335	3.73885769417873e-009	0.00354237655183617	22.5184059912006	129.143172488854	3750.32202744289	360.073043980954	0.000331822410520662	-9.00134655250012e-013	0.0720296234773895	0.767970403961787	1.22107927205723e-012	4.66901902834567e-005	0.599953413281215	-0.000860994129024735	2.10220144635807	-0.000195977090435389
27095.4808	8679.08044352849	-6.71473475786218e-011	0.00332399621809711	20.9570425956418	122.246891779284	3486.22492501232	354.464642851892	0.00149240024153481	8637.68255483145	6.56169261580172e-010	0.00330105512677263	20.8400314160512	122.002299698464	3468.39817131243	355.941768751845	0.000331431808302189	-1.95345220408797e-012	0.0777470591702707	0.762252968277502	7.3998213625569e-012	4.72672049350136e-005	0.599952836262938	-0.000873819274009869	2.10238393090615	-0.000197476700619453
27772.86782	8184.42189516291	-1.96317530752881e-010	0.00311476725840364	19.6565026942081	116.672618893864	3272.4305470634	333.017107017789	0.00166940268057097	8752.0346188012	6.54029017743533e-009	0.00334216428583172	21.1300764983881	120.233909322254	3514.22994357707	352.869575998854	0.00033185464720974	-9.94197847887808e-013	0.083448258152533	0.756551769339713	2.2702603004639e-012	4.78069013041157e-005	0.5999522965852	-0.000886891417749555	2.10249001428099	-0.000198992084342609
28450.25484	5812.84444166479	-3.78947718937966e-009	0.00216783263630317	13.6425270815465	100.139848379512	2259.7953168682	229.089045611118	0.00157784895218529	8416.99068415648	-3.01674484637638e-009	0.00318817536850708	20.1789864757618	115.697581526734	3367.9241332019	350.59416867574	0.000332945528092651	-7.65748841056189e-014	0.089137582065354	0.750862445357016	-1.66843906430423e-011	4.83146188695161e-005	0.599951788872554	-0.000900247761966235	2.10253642626815	-0.000200531778932616
29127.64186	8398.7490257548	7.29791711931824e-012	0.00315012413369284	20.0153293347297	113.468739686608	3355.70214849746	343.841227094865	0.00142336382472072	8469.51655193986	4.91772504685756e-009	0.00317467927173392	20.1972280135097	113.893260690101	3385.80982176054	348.956225216604	0.000334605093928185	-9.18731741148607e-013	0.0948177088189209	0.745182318622668	1.47622598576193e-011	4.87945705131654e-005	0.599951308918031	-0.000913922572458956	2.1025335428455	-0.000202101376335648
29805.02888	8459.66882473557	4.0464958670322e-008	0.0026528082363062	18.3184726420392	108.182400590623	3369.12453567964	375.547031826871	0.00123997057678504	8464.18776376491	-3.31268866086447e-009	0.00312688978082314	20.0240404932759	111.85280923826	3378.39970749868	347.846781736407	0.000336762637302894	5.1848999163439e-015	0.100490481394472	0.739509546297459	-2.03841087174819e-011	4.92501732860472e-005	0.59995085335478	-0.000927947894987036	2.10248861498278	-0.000203705177891324
30482.4159	8334.16312402965	3.30853467247648e-011	0.00302219745920212	19.4913759858489	109.100342790685	3317.41223704764	345.047305552669	0.00129117740035107	8324.92774391303	-1.30882990881207e-009	0.00301836349473966	19.4775799245968	109.074577111372	3313.57716092825	347.185642917288	0.000339366916681062	6.80018419516925e-013	0.106157259408993	0.73384276827978	-9.2706429104631e-012	4.96842512208459e-005	0.599950419264506	-0.00094235430759842	2.10240708850386	-0.000205346853520061
31159.80292	8018.72402987608	-6.79155062082687e-011	0.00283726905743449	18.4834970916668	105.441022437381	3177.51617289007	333.833301116813	0.00126655522038061	8296.5478138686	-3.38779880295918e-009	0.00294514578668677	19.1920869557972	107.102490661844	3295.40181143554	346.911233074749	0.000342380663072516	4.3084847226982e-012	0.111819088182419	0.728180939702259	-2.70185270042731e-011	5.0099171950243e-005	0.599950004314645	-0.00095717158683097	2.102293220188	-0.000207029737044888
31837.18994	8267.65748419343	1.94527843931593e-010	0.00288134227991557	18.9153939236534	105.319251094702	3276.52893281753	346.847510430372	0.00121629455456762	8191.05859628793	2.85118440378819e-009	0.00283786483978271	18.6874079899782	104.799138748793	3243.99542732673	346.975057275563	0.000345777021761393	-6.50199769794561e-013	0.117476791192966	0.722523236825164	3.22048329938722e-011	5.049694406557e-005	0.599949606554839	-0.000972429256447302	2.10215041342758	-0.000208756980868198
32514.57696	7912.11568577588	4.17543559912206e-011	0.00266279262223047	17.7402829709025	101.592526646013	3118.89827656351	335.092777825199	0.00135005394391851	8050.08351962689	5.95439335319044e-009	0.00271429530766484	18.0828958495165	102.374939552508	3177.27529916348	347.338278303012	0.000349537139573477	-3.76732713611962e-012	0.123131028861904	0.71686899900452	2.3328892782714e-011	5.08792893505011e-005	0.599949224233624	-0.000988157040823377	2.10198142701695	-0.000210531651022877
33191.96398	8000.63699112206	6.200750138275e-013	0.00261915812968631	17.6778127347751	100.62867957385	3148.6608711023	342.704440720937	0.00138407605463861	7939.76578544419	7.32708105266275e-009	0.00259966599488219	17.5438825423919	100.24547972805	3123.2155539432	347.969413994406	0.000353648482956567	1.8362449013905e-012	0.128782338338295	0.711217689873505	2.15053596270135e-011	5.12476971184036e-005	0.599948855899917	-0.00100438524063492	2.10178851739995	-0.000212356792120775
33869.351	7656.0687586047	-7.56068197556287e-011	0.00242103857479047	16.5787188801098	97.2735948483483	2995.80884958658	330.823839005366	0.00174292635525822	7808.77783597545	-1.66478288105882e-008	0.0024761442458089	16.9615413236646	97.954091716127	3060.73049098181	348.842704811142	0.000358103643710108	2.09242529044453e-012	0.134431160283935	0.70556886776565	-1.96177921928778e-012	5.16034663772724e-005	0.599948500136307	-0.00102114506659519	2.10157354095007	-0.000214235477209584
34546.73802	7903.28326239976	-1.10623316473347e-010	0.00242906422882989	16.8687273993638	97.4131163571202	3091.30321476953	346.162617661788	0.00125208968654018	7862.34149504556	-3.19098316723851e-009	0.00241419464331172	16.7767909516973	97.1461746969516	3074.34495096931	349.936917446055	0.000362899484876067	1.70535417789922e-012	0.140077861246794	0.699922166786357	-1.17710490377462e-011	5.19477387191719e-005	0.599948155844285	-0.00103846892548134	2.10133803012391	-0.000216170846783577
35224.12504	7544.36410420772	-1.47333483807135e-010	0.0022215755623197	15.71148257865	94.0860268504738	2932.18701590273	334.37589610528	0.00117216066701197	7871.60921401056	-3.27484757828174e-009	0.00233441588937884	16.4856444808107	96.0254638422193	3069.33456596757	351.234447907915	0.000368036529894103	6.23097064833977e-013	0.145722748128952	0.694277280230798	-2.79514013964266e-011	5.22815244374973e-005	0.599947822045662	-0.00105639070147703	2.10108325124448	-0.000218166143242726
35901.51206	7042.44674629123	-1.49989040210713e-010	0.00198454116427655	14.2857738940269	90.1285795734897	2713.74713403948	315.043711364052	0.00120151962635827	7774.9548388197	-5.51059628358824e-009	0.00222061322477568	15.9467631856595	94.3305182194704	3019.62759259676	352.720638652099	0.000373518528484668	-1.36336770222806e-012	0.15136607950246	0.688633948912949	-4.63109698923655e-011	5.26057235738253e-005	0.599947497843871	-0.00107494602015391	2.10081024901492	-0.000220224740950035
36578.89908	7756.86807126706	-1.85034056454623e-010	0.00213375496188302	15.5804087807577	93.173976754714	3002.13738374419	353.45518092351	0.00124603843032982	7654.41895182845	-7.71391551278814e-009	0.00210089547270387	15.355372936329	92.5577775435791	2959.75788045146	354.383249794826	0.000379352156800037	3.17590711639931e-012	0.157008076070541	0.682991952526564	-3.58984067001282e-011	5.29211429594632e-005	0.599947182411357	-0.00109417250698749	2.10051988129914	-0.000222350174021622
37256.2861	8387.96539303556	8.93235600839353e-013	0.00223748394883277	16.609874543614	95.7551545142418	3253.75278472182	389.376149230193	0.00112512104448292	7686.16026026496	2.03940921918034e-009	0.00202617589644387	15.0907911601372	91.7773289435098	2962.88439907702	356.212047167738	0.00038554682035128	-8.39500592829893e-013	0.162648926530054	0.677351101846963	1.51814412111013e-011	5.32285099513655e-005	0.599946874993382	-0.00111411006350845	2.10021284629261	-0.000224546163614443
37933.67312	7412.55523578984	-1.05342129429375e-011	0.00186704272398724	14.1719930275824	89.2909004257495	2838.76871595608	347.445689354284	0.00116144289399845	7332.22116703287	8.76207706616115e-009	0.0018465626930694	14.0066057057522	88.8034755392282	2805.42744507698	358.198476686333	0.000392114540236868	-2.38676834104763e-012	0.168288794244314	0.671711234020312	3.00493190882674e-012	5.35284843486922e-005	0.599946575005363	-0.00113480114671118	2.09988970403649	-0.000226816645401222
38611.06014	6688.08595512325	-7.19665794344739e-010	0.0015873161277192	12.3363957109261	84.2691098178896	2529.64959115341	316.904657338465	0.00113006718711969	7522.19538749565	-4.52545488608546e-009	0.0018153800238833	14.0656312127386	89.0529961789417	2873.4660499375	360.335404208521	0.000399069907079835	-1.01948316196873e-012	0.17392782102708	0.666072207218562	-2.04658942023829e-011	5.38216676797132e-005	0.59994628183275	-0.00115629106520171	2.0995508934877	-0.000229165796866941
39288.44716	7287.80565790219	4.1042289790035e-010	0.0016743529472147	13.244747523232	86.8874354892806	2765.40429220011	352.88366038688	0.000468577616122582	7990.41937331061	-4.36265656782235e-009	0.00184901576961973	14.6478777943609	91.0605870432846	3054.58475740542	362.61690790116	0.000406430093233822	-7.12913887111708e-013	0.179566131005462	0.660433897214049	-1.18425510795548e-012	5.41086114332694e-005	0.599945994849903	-0.00117862830067366	2.09919674594697	-0.000231598066542876
39965.83418	6982.87013743423	-1.26034790540903e-010	0.00152153345317084	12.3118299062168	84.4550927560884	2628.89084964146	342.981961114099	0.00093398742418825	7394.15351313948	-4.32790052654517e-009	0.00162204800379525	13.1167814016974	86.8018952692557	2797.42533345935	365.038111189884	0.000414214918773843	-1.03814751368686e-012	0.185203833673043	0.654796194696578	-4.40067751603877e-012	5.43898239979085e-005	0.599945713666694	-0.001201864860549	2.0988274955223	-0.000234118205345169
40643.2212	3775.37725457261	2.05156274331323e-009	0.000676767198803295	5.79105616808583	65.1307485031579	1310.82689987039	182.118570658723	0.000952645402292107	7417.32647532977	1.6982115634724e-009	0.00154811306085829	12.8128571142913	86.2267299617652	2794.85128773962	367.595045761688	0.000422446966257525	-6.09077131693482e-014	0.190841026086404	0.64915900200159	4.53124714231083e-012	5.46657764492866e-005	0.599945437697987	-0.00122605665733151	2.0984432874084	-0.000236731299483154
41320.60822	6096.11660232248	5.78061077571172e-010	0.00117439255121951	9.99503501974997	78.0169959278149	2245.12096325259	308.253214639094	0.00120350651598168	7183.80724707713	-2.72478265992501e-009	0.00142019915886113	12.0285024042329	84.2319213915906	2686.82553998456	370.284541439066	0.000431151742056118	-8.19862777094571e-013	0.196477795459222	0.64352223274568	-2.0888758042925e-011	5.49369076961523e-005	0.599945166533064	-0.00125126392639092	2.09804418403289	-0.000239442806747797
41997.99524	7892.13029409509	1.68007840548372e-009	0.00149813924651746	12.9603457966153	87.3126625405316	2961.09901899446	413.682182047949	0.00129592462000236	6564.82380194679	1.22366474919975e-008	0.00122085778074259	10.5798334660979	79.9944925220918	2422.91324317869	373.104134830624	0.000440357890280686	-5.86595292698431e-014	0.202114220055885	0.637885808036511	1.18588777797925e-012	5.52036288779208e-005	0.599944899778058	-0.00127755172003486	2.09763016950308	-0.000242258599778391
42675.38226	6429.83867361547	8.97634843255732e-011	0.00112216625666827	10.0094102966464	78.7879461089258	2356.15786540894	338.912415612411	0.00124991545711582	7013.90212023077	-2.72522369212455e-009	0.00124018931140615	11.0385295278377	82.1245260840765	2591.41387923706	376.051996252743	0.000450097453876426	-2.73117001847843e-012	0.207750371383137	0.632249656646515	-8.45060082394353e-012	5.546632728264e-005	0.59994463704956	-0.00130499039002705	2.09720115274799	-0.000245185005097027
43352.76928	6624.19764829272	-4.34247367062396e-010	0.001097630808421	10.0360540622451	79.5060094446222	2420.55510988282	356.42723729587	0.00101431202437444	6943.63561159895	1.76064135323802e-009	0.00115776888344582	10.575199793388	81.2670079936473	2548.75674012535	379.126868963898	0.000460406194425212	-3.26019850072594e-013	0.213386315037013	0.626613713194892	6.45543496839987e-012	5.57253697706921e-005	0.599944378013931	-0.00133365621171024	2.09675696901091	-0.000248228857987364
44030.1563	6141.98552082239	-3.29251227520055e-012	0.00094659224406788	8.91311206612071	76.177243651375	2214.75957289934	336.273763404751	0.00126333421763978	6935.26761591478	-1.00174853618146e-008	0.00108862555932937	10.2264542610364	80.686777915606	2531.77296059767	382.328020235865	0.000471323972093665	-1.76769526573835e-012	0.219022111643557	0.620977916436371	-7.1259417203304e-012	5.59811058911848e-005	0.59994412226957	-0.0013636320249823	2.09629738030683	-0.000251397555373475
44707.54332	6144.52385540021	1.19077349323935e-010	0.000890574891774887	8.6205607321877	75.7570602636927	2202.13397238671	343.733954054696	0.00130395535755749	6801.94483517255	-2.96320650372818e-009	0.00100159167777816	9.67275794392449	79.5380863988016	2463.1613180686	385.655200906386	0.000482895197487215	5.559980146649e-012	0.224657818290288	0.615342209752449	-1.95351876819478e-011	5.62338706911773e-005	0.599943869494842	-0.00139500799765329	2.09582207467096	-0.000254699120153541
45384.93034	6309.54659411656	-2.10886654661338e-010	0.00086200454095443	8.57828462860518	76.3526473217183	2252.70127871853	361.391252703329	0.00138445387443453	6685.60775779569	-8.86321487460908e-009	0.000921388178281281	9.16136831550449	78.4748280217459	2401.70017931225	389.108614136962	0.000495169357912291	3.18416675865814e-012	0.23029348920081	0.609706538926008	-1.29398167336068e-011	5.64839873214357e-005	0.599943619386347	-0.00142788245758098	2.09533066402154	-0.000258142271683945
46062.31736	5870.62288627247	-9.57562492033622e-011	0.00074075896887264	7.61423908422636	73.4793325427689	2065.27648145931	342.234855920697	0.0011950517024065	6756.81600893083	4.33735606452704e-009	0.000871508523068808	8.93566185279243	78.57212486539	2413.8092236766	392.688889054811	0.000508201644191972	1.0727645531547e-012	0.235929176137046	0.604070851919179	2.20520325791592e-012	5.67317694273155e-005	0.59994337159248	-0.00146236287183395	2.09482268108477	-0.000261736506164491
46739.70438	5976.5244923568	-4.07522716795959e-011	0.000706466012650235	7.48277439730726	73.7782139636858	2091.47251061782	357.128900124787	0.000678566315201206	7025.96821473749	8.62396025747034e-009	0.000848180546863936	8.97412490977806	80.0170348394387	2500.90821146488	396.397061407986	0.000522053677462708	-1.29895989990513e-011	0.241564929715614	0.598435098995057	4.955129246645e-012	5.69775234767946e-005	0.599943125823281	-0.00149856693743933	2.0942975747405	-0.000265492189250504
47417.0914	5960.13110144007	-2.19819378230459e-011	0.000655594213072243	7.16947816708409	73.4344313003765	2068.92396692795	364.698987914635	0.00117453905198994	6618.31674398279	3.39507437014965e-009	0.000739267178828126	8.07464846123033	77.3053132572711	2324.37607377985	400.234557016807	0.000536794368499714	5.20523945314594e-012	0.247200799780605	0.592799227767255	9.06894846571027e-012	5.72215509227035e-005	0.599942881818091	-0.00153662385469687	2.09375470415971	-0.000269420661371073
48094.47842	5640.23973076209	-6.1938780407647e-012	0.00056988207273604	6.4548127811476	71.2984144139698	1929.36209298842	352.33921267167	0.00127904445437283	6411.18820456783	-2.22374556687781e-009	0.000662255199736437	7.47730490493092	75.8734633809901	2225.90375338042	404.203180301112	0.000552500929283626	-4.0239353429042e-012	0.252836836630803	0.58716319155352	-1.39523983939721e-011	5.74641504004301e-005	0.599942639195063	-0.00157667576950191	2.09319333122932	-0.000273534358524537
48771.86544	5637.46714679769	-3.01947060441123e-011	0.000527205502651458	6.1795184659616	71.0975570139536	1911.41678726354	361.190040969233	0.000902627221058511	6500.09937928967	-8.48140947890155e-009	0.000621670339697017	7.2719418950307	76.2731978847905	2241.17803490061	408.305104519881	0.000569260065873651	-5.86460754180316e-012	0.258473091034087	0.581526936768034	-1.67893195949862e-012	5.77056198797805e-005	0.599942397688227	-0.00161887946787353	2.09261261127485	-0.000277846952627215
49449.25246	5493.28132720864	-1.02579110662419e-010	0.000471415126913892	5.73194556729684	70.0900547273621	1839.146387911	360.482492354417	0.0014328316998976	6231.92373313019	-3.86972630378454e-009	0.000547107469860527	6.63126440758403	74.5365945800889	2118.99781307457	412.542864295182	0.000587169390884527	7.67217736558496e-012	0.264109615755175	0.575890411873102	-8.15040235613987e-012	5.79462588541709e-005	0.599942157035207	-0.00166340829817051	2.0920115816407	-0.000282373512019688
50126.63948	5398.16660536394	-1.95904130282325e-011	0.00042445650933098	5.35878015729524	69.3894076643629	1785.36450010431	363.378472573278	0.00193642353131279	5940.90769836837	-1.16728890837558e-008	0.000476615317111996	5.99856589817403	72.5892583972265	1990.06368480912	416.919347220203	0.000606339103196332	-1.04450405923754e-011	0.269746465804232	0.570253561926389	-6.15054320380492e-012	5.81863706472341e-005	0.59994191694585	-0.00171045445935947	2.09138914777123	-0.000287130693324863
50804.0265	5372.47726574946	-2.52949267018905e-011	0.000386602853746064	5.0732949056948	69.169781589516	1756.84441823939	371.621446521283	0.00167823710001	5902.16645762584	2.14948233943887e-009	0.00043304609305954	5.66335658063208	72.4109878688192	1953.78590013307	421.437786715322	0.000626893996048036	-7.81001938260366e-012	0.275383700086989	0.564616328305611	5.4961555026641e-012	5.84262647877759e-005	0.599941677061321	-0.00176023162220909	2.09074406646324	-0.0002921369577867
51481.41352	5250.70445781226	-2.16033313250304e-011	0.000343052341693121	4.6903164161145	68.3827080920754	1692.23239270109	372.930486792015	0.00160537042409672	5795.16716793435	1.77048162117974e-009	0.000386747990559186	5.26711806708893	71.7622010915665	1892.49968851148	426.101748818591	0.000648975869485381	-1.45428224314476e-011	0.281021382176369	0.558978647121783	7.51281871598821e-012	5.86662596363719e-005	0.599941437080011	-0.00181297807005078	2.09007492531527	-0.000297412836534148
52158.80054	5369.64254909981	5.07874978623221e-011	0.00032041898139122	4.5631312130436	69.1558438071101	1714.78821356124	393.53612593117	0.00171867135330297	5747.84466371935	1.44051345480155e-009	0.000347756884425509	4.94362923886069	71.5007431823737	1853.11670390863	430.915114963124	0.000672746437923419	-2.83993230954133e-012	0.286659581984022	0.553340448790097	1.67444595521887e-011	5.8906685192673e-005	0.599941196675988	-0.00186896033723635	2.08938011811549	-0.000302981232393063
52836.18756	5044.50440838733	-1.57094360496671e-010	0.000268328374704848	4.0028882625456	67.1402559481466	1575.7451699121	378.842804775161	0.00145695180994168	5725.57317213106	-3.20302706975024e-009	0.000312748988858788	4.64845070213792	71.4812144781562	1821.33358764529	435.882053555723	0.000698390858588509	-1.58406020203239e-011	0.292298377042122	0.547701654887014	-1.18838991646893e-011	5.91478862964968e-005	0.599940955467786	-0.00192847756659015	2.08865781440017	-0.000308867789031814
53513.57458	4988.60880366869	-1.06631856623891e-010	0.000238188541436013	3.72074312589399	66.8661924433517	1533.72257592351	386.105807306133	0.00115558920254845	5916.91805614766	-1.08009429810844e-008	0.000291519799610361	4.54669100901697	72.8711217896965	1865.64497292791	441.006976434916	0.000726122059417141	4.21072793919075e-012	0.297937855003806	0.542062177248681	-4.14409489120084e-012	5.93902260972692e-005	0.599940713117109	-0.00199186671410313	2.08790592254433	-0.00031510132657497
54190.9616	4868.25566823105	-1.34277302765978e-010	0.000206752958634034	3.39175143257433	66.2118338921421	1468.25008087117	388.146354715046	0.00288739715447234	4896.73646221336	-1.0125378806302e-008	0.000210450863305221	3.4276992040167	66.3161571655376	1477.09986206329	446.29447147938	0.000756186049307799	1.42224752031723e-011	0.30357811573948	0.536421914527129	-3.93342166759617e-012	5.96340902340868e-005	0.599940469248188	-0.00205950876977565	2.08712204373887	-0.00032171437105261
54868.34862	4681.1544921165	-2.16944259974285e-011	0.000175062290161987	3.02525451209597	65.1229667372169	1379.59369247256	384.236448866351	0.00170037055562375	5416.67018589347	7.24621388742757e-010	0.000209550934801998	3.60532258509673	70.0466881255296	1634.38783159627	451.749197963452	0.000788868519234873	1.40775732837667e-011	0.309219276430408	0.530780753816797	5.24293607266076e-012	5.98798915043093e-005	0.599940223434909	-0.002131836290853	2.08630341531931	-0.000328743793988386
55545.73564	4706.64033684315	-7.60973526935891e-011	0.000155792205702617	2.8370983317507	65.5140854728836	1363.38794764661	400.096016830057	0.00199766889308518	5248.2499592717	-1.9510644861291e-009	0.000178324586053402	3.23707484108149	69.1866208135573	1548.3589894067	457.375729243595	0.000824503116420879	4.43175785938662e-012	0.314861473500989	0.525138557204254	-8.35432670600909e-012	6.01280754443865e-005	0.599939975250334	-0.00220934259047529	2.08544683920739	-0.000336231599983079
56223.12266	4546.00574414872	8.25982304464277e-012	0.000130739862260438	2.52136949921179	64.6586635763669	1283.23787782081	398.8608619482	0.0039633974298102	4964.6459460792	5.82301903069478e-009	0.000146460822275124	2.81953170302715	67.3559996274329	1426.83458450295	463.178315517185	0.000863481869946705	1.6980175125974e-012	0.320504868727805	0.519495161874407	4.91479958818823e-013	6.03791269302145e-005	0.599939724208044	-0.0022925929694638	2.08454859138364	-0.000344225897509239
56900.50968	8319.31380036884	-3.61727281438449e-010	0.000235981021641591	4.71925288479179	91.9938578827084	2488.42216007704	799.365040612123	0.000126737579593569	5346.06683771041	-1.02678648226777e-008	0.000138348115976038	2.82134113010334	70.870942043552	1516.42916177973	469.160530475594	0.000906268544484562	-2.56443342245853e-013	0.326149658793346	0.513850372378588	-1.09894588659491e-012	6.06335782137873e-005	0.599939469746004	-0.00238223866779385	2.08360430556852	-0.000352782113515682
57577.8967	4238.63294641616	-1.04272785409684e-010	8.92864967487854e-005	1.95299663406084	63.17155344083	1127.21132412757	397.227954608281	-0.000287089928637132	5623.21146470627	-2.40228728063153e-008	0.000125933807571048	2.74753626894303	73.3960439853445	1572.87451777538	475.324734710799	0.00095341589184461	-1.22389130343648e-011	0.33179608202939	0.508203950310241	-4.47837964974525e-012	6.08920186394721e-005	0.599939211278982	-0.00247903432075677	2.08260882229759	-0.000361964530436437
58255.28372	4000.4614223066	8.25218736342227e-012	7.04758559001638e-005	1.65317197431636	61.7722774153014	1023.3973663445	386.912005542896	0.00276662416333858	4898.82484471882	3.10479911039206e-009	9.14424677155085e-005	2.13444889916789	68.4059319014489	1307.57446493168	481.671274033896	0.00100558821875332	3.4175859215629e-012	0.337444433795354	0.502555597337701	2.55038289109954e-012	6.11551067291085e-005	0.599938948208204	-0.00258385996994944	2.08155598923018	-0.000371848250055416
58932.67074	3977.31643819909	4.16789307172252e-011	5.88732360333115e-005	1.48328016292705	62.0375007010587	986.267546086204	400.467573426935	0.00256272522403608	4637.65256001061	-3.24846396722637e-009	7.20139498349611e-005	1.80179071952518	67.1355425315436	1187.62986632606	488.197265947521	0.00106359148420818	2.74402780776629e-012	0.343095087222224	0.496904943288458	-9.15730528682624e-012	6.14235853414184e-005	0.59993867973037	-0.00269774943942474	2.08043839301341	-0.000382521754423256
59610.05776	3778.96724764462	1.86587601073908e-010	4.55197056466177e-005	1.24249742670015	60.9977936510588	895.193308987556	393.929005757277	0.00231992565033524	4655.71446577831	-5.45508752624921e-009	5.98350862231119e-005	1.62252093632602	67.9551055885763	1155.70150121492	494.894739115773	0.00112841392286889	-3.51662061275304e-012	0.348748518550756	0.491251512936719	-2.65609710902233e-011	6.16983010729208e-005	0.599938405033102	-0.00282192706875872	2.07924699187205	-0.000394090282198519
60287.44478	3786.27724987217	3.05865847155029e-012	3.71714987096507e-005	1.10253699449648	61.6921578985333	863.228409020315	412.769436892524	0.00279773123223061	4471.54074083019	1.21711259630945e-009	4.63865290895487e-005	1.36897549972633	67.2442168532926	1060.96405817114	501.747770272353	0.00120128217643656	1.53155641513732e-012	0.354405343344239	0.485594687192874	1.84859625691673e-011	6.19802293466644e-005	0.599938123090013	-0.00295785643133263	2.07797059949728	-0.000406680383832522
60964.8318	4696.27258294466	-4.96839067080678e-011	3.9780945436071e-005	1.27456309853211	70.0814612262256	1076.52354680593	553.97976950261	0.0029740574214588	4338.49823564251	1.31684739307211e-009	3.56412071385226e-005	1.15412925768575	67.0066126769701	980.389329609553	508.727986181055	0.00128374061691753	-1.84482864283327e-013	0.360066380452187	0.479933650770313	8.50185978015616e-012	6.22705078278297e-005	0.599937832827368	-0.00310730627533823	2.07659514121479	-0.000420446208867068
61642.21882	4136.36939768743	-8.86978711829643e-011	2.62168448887673e-005	0.934267908920671	66.290331747173	878.086153560665	503.200046291855	0.00329740581788685	4197.41448118281	-1.29463864089824e-010	2.66134605887704e-005	0.954446645874999	66.7580270031186	896.577080170504	515.787379339692	0.00137776640271103	-1.28664534363999e-013	0.365732733656171	0.474267298983357	2.72195362627789e-012	6.25704815928115e-005	0.599937532862575	-0.00327244150128694	2.07510254612934	-0.00043557838436787
62319.60584	3918.32709007259	-5.38022253097953e-011	1.84373482647033e-005	0.735813208550545	65.3839367595626	774.626634888315	497.291741622961	0.00286867975698961	4190.84590383419	-1.28876296101781e-009	2.00212179295526e-005	0.80709734539285	67.8007588506552	846.311595588434	522.846536478241	0.00148594225211207	3.76625828785185e-014	0.371405930534117	0.468594101984821	-1.9244862741542e-012	6.28817661291188e-005	0.599937221580833	-0.00345595325976158	2.07346903388876	-0.000452317028400279
62996.99286	3046.85343173011	-6.0605796601836e-011	9.19346369804053e-006	0.425454310095041	58.3095794913305	519.261151696879	386.741128815228	0.00243729872206768	4148.85681320186	1.63408792738514e-009	1.43467165160166e-005	0.659881976940748	68.6929772814718	782.274672875722	529.774779638117	0.00161172604849515	7.64231269600491e-012	0.37708814774555	0.462911884888095	2.61525558031616e-012	6.32063387776827e-005	0.599936896982985	-0.00366125068129452	2.07166234050872	-0.000470971451600774
63674.37988	2985.15197718274	-3.18019329771997e-011	6.15708675365648e-006	0.328872974463804	58.7080786191379	463.198749027272	398.048481003658	0.00310054482734664	3898.14452731451	2.34949288187149e-009	9.16202146365529e-006	0.48576659449837	67.7532763158624	664.721053777707	536.355335158981	0.00175989335342794	8.64516107897141e-012	0.382782585436023	0.457217444982992	7.48340259317403e-012	6.35466796708366e-005	0.599936556644282	-0.00389275723471212	2.06963696583834	-0.000491951545313194
64351.7669	2193.67751363918	-2.16701040876356e-010	2.20602254955172e-006	0.147888349221054	51.5995155322624	260.252255194129	279.050512125196	0.00518429321813956	3601.00493252597	-4.02798558391223e-009	5.3444685588221e-006	0.335345491420712	66.2543343191192	541.49807677324	542.221141804103	0.0019373108123489	-2.49262440660075e-012	0.388494157509583	0.451505873500767	-1.49793216511379e-011	6.39059922153329e-005	0.599936197365927	-0.00415639419328318	2.06732543698134	-0.000515820677061931
65029.15392	2638.06801765646	-9.01660245188198e-011	1.88445114772645e-006	0.147247467692829	57.4899020079531	302.927234314615	380.25985378145	0.00809790904691003	3110.09200347671	-9.50109679903482e-009	2.56972376193894e-006	0.188596054338587	62.7559931033229	382.126714543387	546.728419832066	0.00215440596168533	1.21276027561129e-012	0.394230809430505	0.44576922144508	-9.98715608967065e-013	6.4288537922928e-005	0.599935814802373	-0.00446042903736818	2.06462071587367	-0.00054339189207509
65706.54094	2500.50975196882	-2.83356060007943e-011	8.57258080766626e-007	0.0865864936191979	57.4520697069707	230.605489701168	374.826031331729	0.00784848883205374	3240.59802386759	5.01797352205836e-010	1.3820103036338e-006	0.139888184910038	65.9740846559278	346.507390220631	548.683553429433	0.00242829253818143	-2.09039524106011e-012	0.400006376211091	0.439993655197842	2.07695952666086e-012	6.47004360781514e-005	0.599935402906326	-0.00481711781236562	2.0613361492944	-0.000575921477960995
66383.92796	2753.549404592	1.74882765803586e-010	4.06965184502303e-007	0.055511419734111	62.7527874127552	203.592696849895	453.292131643103	0.00198258571577246	3380.69185952972	-2.74277004662571e-009	5.79561285019307e-007	0.0880974153366162	70.4700988103768	286.714229980498	545.666445499184	0.00279062516927292	6.26542233637242e-013	0.405847668443013	0.434152362701833	-1.67049652231472e-012	6.51511327784237e-005	0.599934952213189	-0.00524637821047045	2.05709683777377	-0.000615558493450648
67061.31498	2354.68253643945	8.20634043620421e-011	6.89491156930378e-008	0.015717917554065	60.0397363264632	99.8406029758614	380.942847751076	0.00835014708055639	2998.49548161362	1.35097524213204e-010	1.18260873474779e-007	0.0351680886657532	68.4688275446265	161.744669303815	531.930257393377	0.00331333658989615	1.29407554343078e-012	0.411816642098213	0.428183388810777	2.57957574344499e-012	6.56577128807042e-005	0.59993444563653	-0.005786318224084	2.05095165027315	-0.000666646796765379
67738.702	2181.17934700155	3.79675526194506e-010	5.13621020054086e-009	0.00133754507383968	61.1844241468352	30.7957596832828	337.904648866567	0.0124678574271971	2693.11822995134	-6.27015459709841e-009	2.37708012493401e-009	0.0106650445884323	68.3081816206608	56.9969020903292	488.187371319198	0.00424899944740365	5.0728783782499e-012	0.418115055364631	0.421884974466508	-2.2908888703346e-011	6.62626414751922e-005	0.599933840708307	-0.00654738417686876	2.0390892322989	-0.000741288103859742
